	Signature_1	Signature_2	Signature_3	Signature_4	Signature_5	Signature_6	Signature_7	Signature_8	Signature_9	Signature_10	Signature_11	Signature_12	Signature_13	Signature_14	Signature_15	Signature_16	Signature_17	Signature_18	Signature_19	Signature_20	Signature_21	Signature_22	Signature_23	Signature_24	Signature_25	Signature_26	Signature_27	Signature_28	Signature_29	Signature_30
A[C>A]A	0.2616670249074846	0.0813935257263822	0.3461875603899867	0.627147766323024	0.3083798949295311	0.049707602339181284	1.0	0.5815190167178775	0.4597701149425288	0.5833333333333333	0.008547008547008548	0.33624454148471616	0.059883900545107796	0.0033898305084745766	0.09219858156028367	0.4680232558139535	0.14263383419751882	0.9043913066908449	0.2772020725388601	0.03397034402156212	0.017543859649122806	0.29233040631319884	0.0224208276478993	0.6100791690115255	0.2543047967549425	0.2212362338944168	0.2570289532270387	0.1971993754066455	0.8283736984500807	0.0
A[C>A]C	0.3511818997861643	0.1712471106941038	0.4590954897973141	0.7054794520547946	0.3089001114429072	0.13793103448275862	0.024752475247524754	0.7695391825460063	0.45890410958904104	0.2222222222222222	0.008992805755395685	0.4051724137931034	0.40292426438186546	0.11570247933884296	0.1904761904761905	0.4923857868020305	0.05525791151698035	0.6878738773750692	0.25	0.08355751212220197	0.09090909090909091	0.6164714164459093	0.004459722390864093	0.6222936045338615	0.32140292027158185	0.10901498723905428	0.3970487069099381	0.30557621792275336	0.815768227233285	0.0
A[C>A]G	0.008576954638737486	0.027269972269388588	0.19463395596423513	0.756198347107438	0.10379185343728127	0.00547645125958379	0.0	0.11286392019798185	0.03846153846153846	0.023255813953488372	0.0	0.4722222222222222	0.10181944598025708	0.00998003992015968	0.0	0.3859649122807018	0.00017028136232092437	0.1711791490146919	0.013404825737265416	4.67518908330669e-06	0.0	0.0	0.0	0.8681344154598961	0.06861947384015334	0.013836483893722261	0.1045112329028581	0.0	0.35952528659904703	0.07220058940754633
A[C>A]T	0.2856745303058133	0.07600597793406115	0.2993194999912207	0.6825842696629213	0.24629836683415043	0.10215053763440861	0.08333333333333333	0.5329767853839099	0.3736263736263736	0.652482269503546	0.003076923076923077	0.3333333333333333	0.17986108556976327	0.5156794425087108	0.4285714285714286	0.33587786259541985	0.3103888448866749	0.6694997703210412	0.1796116504854369	0.13265078491642673	0.11111111111111109	0.7549284249973018	0.0	0.7711173617953119	0.3516517181904966	0.041430269613471946	0.3191707978294769	0.20952762275764425	0.7539755820296462	0.0
A[C>G]A	0.04246407924241624	0.031412615646166875	0.37476510153328285	0.16666666666666666	0.24087922478628862	0.038011695906432746	0.0	0.13235099064653083	0.1839080459770115	0.41666666666666663	0.029914529914529912	0.1353711790393013	0.6753301557847488	0.0033898305084745766	0.07801418439716312	0.13953488372093023	0.12937377744590084	0.027145966768223857	0.15025906735751293	0.020067369162968727	0.08771929824561403	0.10255264591720321	0.0	0.2554180361753433	0.2064027854780414	0.13805824313203266	0.06538084633623521	0.036011804098748636	0.11010702182073906	0.0
A[C>G]C	0.0990637887011606	0.07464584287990053	0.3123792514285676	0.12328767123287672	0.25137234563404864	0.059113300492610835	0.0	0.09967984314947574	0.15753424657534243	0.06666666666666665	0.002697841726618705	0.1293103448275862	0.5719161368416656	0.0	0.004761904761904762	0.12182741116751268	0.2626816204978773	0.157118476252072	0.06418918918918919	0.07780710840548168	0.1038961038961039	0.0	0.0	0.2593614613177705	0.07512659229650857	0.11202284052795475	0.14841133648882457	0.08958813071527946	0.051459224477053124	0.0
A[C>G]G	0.0034107497699683432	0.060219233907707316	0.4801743139014527	0.128099173553719	0.10830453491955876	0.0	0.0	0.026119315772877832	0.0	0.0	0.0	0.0	0.05309372463779265	0.0	0.019047619047619046	0.0	0.0027874079979851676	0.19560105034600758	0.0	0.00036822294758501834	0.0	0.0	0.0	0.0	0.0	0.014971911459239047	0.0	0.0	0.0031110442235051912	0.17689566458820377
A[C>G]T	0.13582787592588216	0.14337411569460995	0.4283672973415371	0.15168539325842698	0.31289191473275096	0.09677419354838711	0.020833333333333332	0.1369762979159381	0.20879120879120877	0.014184397163120567	0.013846153846153845	0.18115942028985507	0.8201389144302368	0.0017421602787456446	0.07518796992481204	0.27862595419847325	0.12968471932039907	0.13728441724915527	0.17475728155339806	0.03742199909370409	0.3333333333333333	0.24507157500269822	0.0	0.12166602717283824	0.24274729659540575	0.1731212502189823	0.15531121558289163	0.1255745650871181	0.11186100620650882	0.0
A[C>T]A	0.6958688958500991	0.8871938586274509	0.27904733807673043	0.20618556701030927	0.45074088028418025	0.9122807017543859	0.0	0.28612999263559175	0.3563218390804598	0.0	0.9615384615384615	0.5283842794759825	0.26478594367014346	0.9932203389830508	0.8297872340425532	0.39244186046511625	0.7279923883565803	0.06846272654093127	0.572538860103627	0.9459622868154691	0.8947368421052632	0.605116947769598	0.9775791723521007	0.13450279481313118	0.539292417767016	0.6407055229735505	0.6775902004367261	0.766788820494606	0.06151927972918022	1.0
A[C>T]C	0.5497543115126752	0.7541070464259956	0.22852525877411828	0.17123287671232876	0.43972754292304417	0.8029556650246306	0.9752475247524752	0.13078097430451796	0.38356164383561636	0.711111111111111	0.9883093525179857	0.46551724137931033	0.02515959877646885	0.884297520661157	0.8047619047619048	0.3857868020304569	0.6820604679851423	0.15500764637285883	0.6858108108108107	0.8386353794723163	0.8051948051948051	0.3835285835540908	0.9955402776091359	0.11834493414836787	0.6034704874319096	0.778962172232991	0.45453995660123736	0.6048356513619673	0.13277254828966178	1.0
A[C>T]G	0.9880122955912942	0.9125107938229041	0.32519173013431224	0.11570247933884298	0.7879036116431599	0.9945235487404162	1.0	0.8610167640291403	0.9615384615384615	0.9767441860465116	1.0	0.5277777777777778	0.8450868293819502	0.9900199600798403	0.9809523809523809	0.6140350877192983	0.9970423106396938	0.6332198006393005	0.9865951742627346	0.9996271018633317	1.0	1.0	1.0	0.13186558454010383	0.9313805261598466	0.9711916046470387	0.8954887670971419	1.0	0.6373636691774478	0.7509037460042499
A[C>T]T	0.5784975937683045	0.7806199063713288	0.27231320266724235	0.16573033707865167	0.4408097184330987	0.8010752688172044	0.8958333333333333	0.33004691670015207	0.41758241758241754	0.3333333333333333	0.9830769230769231	0.48550724637681164	0.0	0.48257839721254353	0.4962406015037594	0.38549618320610685	0.5599264357929261	0.19321581242980357	0.645631067961165	0.8299272159898692	0.5555555555555556	0.0	1.0	0.10721661103184987	0.40560098521409765	0.7854484801675459	0.5255179865876317	0.6648978121552376	0.13416341176384494	1.0
A[T>A]A	0.20596849141468151	9.898379325806768e-05	0.3539087417303082	0.3636363636363636	0.18651938382437847	0.07407407407407407	0.6666666666666666	0.3955183135084668	0.17090395480225987	0.0	0.25000000000000006	0.10820895522388059	0.5706576203711142	0.0	0.15441176470588236	0.09529411764705882	0.18225375931840274	0.47781913349827404	0.06470588235294118	0.03384559463858808	0.2385057471264368	0.7285036731049173	0.0	0.19799684102596446	0.4405457993010799	0.07486052177636528	0.9585713698615953	0.08440527337534064	0.0	0.5877883921434723
A[T>A]C	0.2273345727545232	0.20065901488598292	0.4090797352140801	0.639344262295082	0.31597706588804286	0.3113207547169811	0.8888888888888888	0.5916048933176016	0.2121212121212121	0.021276595744680854	0.0625	0.16581632653061223	0.8043163450921147	0.10810810810810811	0.5325443786982249	0.25524475524475526	0.11437088944741094	0.22661884562831236	0.5247524752475248	0.0912517741323088	0.5983606557377049	0.9132475823794436	0.0	0.00720101125149139	0.4834216779811726	0.3159743007128427	0.34297730243818053	0.12081815132040656	0.3244499862566258	0.2500016720283041
A[T>A]G	0.1960957232178327	0.385661908898901	0.26156501035972834	0.5102040816326531	0.2532173837622912	0.0	0.36000000000000004	0.45640183245856947	0.22972972972972971	0.0	0.4375	0.08348457350272231	0.24550212781807945	0.0	0.09574468085106383	0.16359918200409	0.12079288385280836	0.4414003583507757	0.23684210526315788	0.003425705791889492	0.10112359550561797	0.918820096329201	0.32248310248713036	0.6393948264278685	0.18750298127544796	0.021622600544474714	0.17561561721875926	0.1284767587136172	0.18190392931483323	0.30044812385176817
A[T>A]T	0.4024356901653421	0.0803845696206385	0.2671833754324308	0.44117647058823534	0.264513203179035	0.5047619047619049	0.7608695652173914	0.4932541029348991	0.296	0.06349206349206349	0.5	0.1764705882352941	0.6787500379295229	0.09999999999999999	0.4619883040935673	0.1278538812785388	0.056642670352213896	0.31944681329497365	0.15714285714285714	0.4852139118817457	0.17200000000000001	0.8473327609733446	0.0	0.0006055519410540998	0.5061775121403796	0.08890280524231733	0.4708780160843262	0.05933228218565172	0.39279509730404344	0.4947872267198974
A[T>C]A	0.7127182111547493	0.9746883567310434	0.5473591658312067	0.6363636363636364	0.7409471563455428	0.9259259259259259	0.3333333333333333	0.47960582314759753	0.3559322033898305	1.0	0.75	0.8694029850746269	0.25212735714382517	1.0	0.8455882352941176	0.843529411764706	0.8019472371089252	0.4614329531668677	0.8529411764705882	0.9660503886790469	0.7614942528735632	0.24724187824731078	1.0	0.8020031589740355	0.44556473603054675	0.9237855205264777	0.033815490765661316	0.35833853786509834	1.0	0.0
A[T>C]C	0.6016148276904522	0.755250089014353	0.5096806840028931	0.3278688524590164	0.5880839789312884	0.5283018867924528	0.1111111111111111	0.37062403361851465	0.5303030303030303	0.5531914893617021	0.9375	0.8086734693877551	0.11040865888171315	0.6216216216216216	0.43195266272189353	0.5979020979020979	0.49180845853330957	0.4227720748313873	0.4752475247524752	0.891095173132037	0.33811475409836067	0.08675241762055648	1.0	0.29801972469406757	0.5165783220188274	0.6800047250072301	0.43237245869270385	0.2828963487673027	0.6755500137433741	0.585524247754466
A[T>C]G	0.707225461624215	0.4164491802032705	0.41655720345690805	0.413265306122449	0.6259786426938475	0.96875	0.28	0.32035670363509217	0.5945945945945946	0.6341463414634146	0.5	0.8838475499092558	0.6683167729977239	0.8333333333333334	0.776595744680851	0.7116564417177914	0.49244437437624455	0.3263711894405957	0.7105263157894737	0.9847334239442199	0.8389513108614232	0.06647573149415302	0.6775168975128696	0.27502082793405297	0.598124801751586	0.9552288385083887	0.8146947106876635	0.3971985759845195	0.6820084410008966	0.412556585323602
A[T>C]T	0.4455343217689178	0.8022578014586179	0.5182206564958693	0.5294117647058824	0.6451885171615334	0.21904761904761907	0.2391304347826087	0.44659932995495466	0.3952	0.21164021164021166	0.5	0.7352941176470588	0.1868051008023975	0.27777777777777773	0.3684210526315789	0.7564687975646881	0.08696138188712474	0.6410265304351888	0.7619047619047619	0.47999415190507694	0.7560000000000001	0.15266723902665524	1.0	0.8682859879479781	0.49382248785962035	0.8699004462875308	0.48156836468321307	0.03392669909423558	0.6072049026959566	0.0
A[T>G]A	0.08131329743056932	0.025212659475698597	0.0987320924384851	0.0	0.07253345983007875	0.0	0.0	0.12487586334393566	0.4731638418079096	0.0	0.0	0.022388059701492536	0.17721502248506069	0.0	0.0	0.0611764705882353	0.015799003572671975	0.06074791333485818	0.08235294117647059	0.00010401668236506465	0.0	0.024254448647771838	0.0	0.0	0.11388946466837335	0.0013539576971570621	0.007613139372743277	0.5572561887595611	0.0	0.41221160785652755
A[T>G]C	0.1710505995550246	0.044090896099664136	0.0812395807830267	0.03278688524590164	0.09593895518066876	0.16037735849056603	0.0	0.037771073063883956	0.25757575757575757	0.4255319148936171	0.0	0.025510204081632654	0.0852749960261721	0.2702702702702703	0.03550295857988166	0.14685314685314685	0.3938206520192794	0.3506090795403003	0.0	0.017653052735654314	0.06352459016393441	0.0	0.0	0.6947792640544409	0.0	0.004020974279927238	0.2246502388691158	0.5962854999122907	0.0	0.1644740802172299
A[T>G]G	0.0966788151579523	0.19788891089782856	0.3218777861833636	0.07653061224489796	0.1208039735438612	0.03125	0.36000000000000004	0.22324146390633826	0.17567567567567566	0.3658536585365854	0.0625	0.032667876588021776	0.08618109918419675	0.16666666666666669	0.1276595744680851	0.12474437627811862	0.38676274177094716	0.2322284522086285	0.052631578947368425	0.01184087026389063	0.0599250936329588	0.014704172176645927	0.0	0.08558434563807854	0.21437221697296605	0.023148560947136545	0.009689672093577266	0.47432466530186324	0.13608762968427027	0.28699529082463
A[T>G]T	0.15202998806574008	0.11735762892074365	0.21459596807169992	0.029411764705882356	0.09029827965943174	0.2761904761904762	0.0	0.06014656711014637	0.3088	0.7248677248677249	0.0	0.08823529411764705	0.1344448612680796	0.6222222222222221	0.1695906432748538	0.11567732115677322	0.8563959477606613	0.03952665626983763	0.08095238095238094	0.034791936213177485	0.07200000000000001	0.0	0.0	0.13110846011096794	0.0	0.041196748470151826	0.04755361923246064	0.9067410187201127	0.0	0.5052127732801025
C[C>A]A	0.2292039207922203	0.04308151851646124	0.3755642279722786	0.5940721649484536	0.24198369776904585	0.5430107526881721	0.01564537157757497	0.7341993124573987	0.45794392523364486	0.7209302325581395	0.022082018927444796	0.3958944281524926	0.1599557066634286	0.4827586206896552	0.6385542168674698	0.3887530562347188	0.042622574957258415	0.8967011474643553	0.2028985507246377	0.6089622510037997	0.36363636363636365	0.3537022215843214	0.0027034635746214417	0.765114911828884	0.4078601183304067	0.32003814974181805	0.18598203282425027	0.20632706325362146	0.8140252826325955	0.0
C[C>A]C	0.27658820348741175	0.053283807100619036	0.4165391257457457	0.7181286549707603	0.16455557559811465	0.7088235294117646	0.0058997050147492625	0.7171841615301353	0.3904109589041096	0.2727272727272727	0.011060507482108002	0.49777777777777776	0.3768972612284687	0.379182156133829	0.4799999999999999	0.40322580645161293	0.08474069489646384	0.6891847162239213	0.1691489361702128	0.6612363193553444	0.13333333333333333	0.32173274222923354	0.003932174014962269	0.6769992364094455	0.4261072531157447	0.34004871491672073	0.2099636283628332	0.10693014316348172	0.7594715025003534	0.0
C[C>A]G	0.009206784906674469	0.0013526831126334986	0.2032849632549887	0.3876651982378855	0.15323547218348768	0.09173387096774194	0.0	0.11420035403380692	0.0	0.0603448275862069	0.06535947712418301	0.37837837837837834	0.3706028944270885	0.029801324503311258	0.08620689655172414	0.33333333333333337	0.022071730903648366	0.4431146431746431	0.0697674418604651	0.2195028962157213	0.07826086956521738	0.13268312808606797	0.010706802901815207	0.8576762420104153	0.09348239193558229	0.06280640251824623	0.03275378075525385	0.022945702342518047	0.4038900407686157	0.09913632559342012
C[C>A]T	0.2798357054357789	0.04298443205634495	0.2684459030027436	0.594222833562586	0.26954099477318694	0.8651515151515151	0.01616915422885572	0.5193229189370507	0.4008810572687225	0.7881773399014779	0.016826923076923076	0.24067796610169492	0.15230534614015517	0.8711018711018711	0.6686217008797655	0.224	0.0029604624166448225	0.7792564756809379	0.07600950118764845	0.8809919510263333	0.5656565656565657	0.42813219859826207	0.004605326292712037	0.5831240829908925	0.47602922942216397	0.6904483121602288	0.294825604337928	0.06433289222262872	0.9578956470809771	0.0
C[C>G]A	0.04465267494798362	0.00176614082428822	0.33658845026063483	0.13530927835051546	0.18852462695766992	0.0	0.0013037809647979141	0.15318872868358513	0.08411214953271028	0.0	0.0	0.055718475073313775	0.4988908149849191	0.0	0.05421686746987952	0.09779951100244498	0.07947031157666792	0.004631224442288085	0.0036231884057971015	0.000466654084748653	0.018181818181818184	0.045247216227167916	0.003266506071193775	0.1622314878607752	0.19799943028486267	0.11046392338539704	0.1737024817360172	0.01825155053731324	0.04146687517491497	0.0
C[C>G]C	0.026449534102587154	0.06973239873062406	0.35762760703029306	0.11345029239766083	0.25363767233296985	0.0	0.003933136676499509	0.17089836016765078	0.136986301369863	0.0	0.0013012361743656475	0.08444444444444445	0.2966079168880092	0.0	0.01714285714285714	0.20161290322580647	0.14248672610719515	0.12200914021145574	0.029787234042553193	0.009929554324893168	0.0	0.07053466935571519	0.0015143097748460798	0.3230007635905546	0.25049844483931166	0.103788038460647	0.11856819472261254	0.046160788690680486	0.032686955278245416	0.0
C[C>G]G	0.005220753394523978	0.0038283278044096473	0.43242100698036906	0.2775330396475771	0.14301110608833542	0.0	0.028037383177570093	0.06460648514591494	0.0	0.0	0.05228758169934641	0.0	0.43329041795001333	0.0	0.02298850574712644	0.42424242424242425	0.00026102580226531333	0.13944123898858873	0.007751937984496123	0.0	0.0	0.05632329539086541	0.0	0.030495038530459297	0.060300483246695444	0.01608050052941462	0.04438181677587251	0.0	0.04235127349619534	0.14224117154738378
C[C>G]T	0.05379539278328513	0.032293239567028335	0.4384443306286203	0.12929848693259974	0.2304718578090269	0.0030303030303030303	0.003731343283582089	0.1407837529153222	0.17180616740088103	0.0	0.0024038461538461535	0.06440677966101695	0.773555418178296	0.0	0.04985337243401759	0.21333333333333335	0.08969727470889892	0.11415963287509573	0.006334125098970705	0.0010286401035786812	0.030303030303030304	0.1697782233011418	0.0012475018643063023	0.30158945610245697	0.0074399731837130195	0.0833040202542353	0.025485957423561367	0.10028740184657199	0.0033172180097366223	0.0
C[C>T]A	0.7261434042597961	0.9551523406592505	0.28784732176708655	0.2706185567010309	0.5694916752732843	0.45698924731182805	0.9830508474576272	0.11261195885901615	0.45794392523364486	0.27906976744186046	0.9779179810725552	0.5483870967741935	0.34115347835165233	0.5172413793103449	0.30722891566265065	0.5134474327628361	0.8779071134660736	0.09866762809335652	0.7934782608695652	0.39057109491145153	0.6181818181818182	0.6010505621885107	0.9940300303541848	0.07265360031034088	0.39414045138473064	0.5694979268727849	0.6403154854397325	0.7754213862090653	0.14450784219248938	1.0
C[C>T]C	0.6969622624100011	0.8769837941687568	0.22583326722396121	0.16842105263157894	0.5818067520689155	0.2911764705882353	0.9901671583087512	0.111917478302214	0.4726027397260274	0.7272727272727272	0.9876382563435263	0.4177777777777778	0.32649482188352225	0.620817843866171	0.5028571428571429	0.3951612903225806	0.772772578996341	0.1888061435646229	0.8010638297872341	0.32883412631976233	0.8666666666666667	0.6077325884150512	0.9945535162101916	0.0	0.32339430204494357	0.5561632466226322	0.6714681769145543	0.8469090681458378	0.20784154222140117	1.0
C[C>T]G	0.9855724616988015	0.994818989082957	0.3642940297646423	0.33480176211453744	0.7037534217281768	0.9082661290322581	0.9719626168224299	0.8211931608202782	1.0	0.9396551724137931	0.8823529411764706	0.6216216216216216	0.19610668762289818	0.9701986754966887	0.8908045977011495	0.24242424242424243	0.9776672432940864	0.41744411783676816	0.9224806201550387	0.7804971037842787	0.9217391304347826	0.8109935765230666	0.9892931970981848	0.11182871945912545	0.8462171248177223	0.9211130969523391	0.9228644024688736	0.977054297657482	0.5537586857351889	0.7586225028591961
C[C>T]T	0.666368901780936	0.9247223283766267	0.29310976636863606	0.2764786795048143	0.4999871474177861	0.1318181818181818	0.9800995024875622	0.339893328147627	0.42731277533039647	0.2118226600985222	0.9807692307692307	0.6949152542372882	0.0741392356815489	0.12889812889812888	0.281524926686217	0.5626666666666668	0.9073422628744563	0.10658389144396638	0.9176563737133809	0.11797940887008808	0.4040404040404041	0.402089578100596	0.9941471718429816	0.11528646090665057	0.5165307973941231	0.2262476675855358	0.6796884382385107	0.8353797059307992	0.038787134909286265	1.0
C[T>A]A	0.20886561843749687	0.18969135231959502	0.4341225409193759	0.5905511811023622	0.23650794532660857	0.015625	0.0	0.612789206722445	0.12941176470588234	0.0	0.8	0.049707602339181284	0.8313560137731655	0.0	0.3333333333333333	0.26732673267326734	0.003984771417531433	0.6195868722879826	0.3944954128440367	0.003015690614977553	0.0	0.9440748217288849	1.0	0.5994210856427247	0.744425078869284	0.08572199069257003	0.9853976815921777	0.07802477005491161	0.6125129527833635	0.534649877706314
C[T>A]C	0.20565299835361447	0.5282267374204308	0.38584308404891304	0.7400000000000001	0.2799696408807233	0.24528301886792453	0.4666666666666667	0.5784103832499101	0.21212121212121213	0.026315789473684213	0.6875	0.16538461538461538	0.5379397996286286	0.3177570093457944	0.38392857142857145	0.31683168316831684	0.14669261020606827	0.32966946461642527	0.39552238805970147	0.14057703684424847	0.2605633802816901	0.9569340582816412	0.0	0.28868447750987347	0.5363534272641283	0.1319815046624713	0.31545090420833694	0.20257534459709797	0.12138098456959741	0.5307678472281958
C[T>A]G	0.14731212258264262	0.2807546602817078	0.3786185841072461	0.7008196721311475	0.28869599578884947	0.02439024390243903	0.2692307692307692	0.571543601611171	0.1540785498489426	0.05454545454545454	0.3333333333333333	0.06313645621181263	0.7410722768985197	0.08695652173913045	0.16666666666666669	0.3359173126614987	0.09601043489151821	0.411201660637004	0.28378378378378377	0.01243998225247951	0.10416666666666667	0.9684853624622995	0.3505701407116395	0.9837852715010306	0.7144812825582383	0.043359352352984847	0.42028560586242936	0.13708608214563237	0.2816421233776566	0.5283018867924528
C[T>A]T	0.18704097420537133	0.4779175288244415	0.4434074234834016	0.6353591160220995	0.24264131145970858	0.0846153846153846	0.23684210526315788	0.6214717863363444	0.08089097303634232	0.042654028436018954	0.18181818181818185	0.12244897959183675	0.001720356618974978	0.18181818181818182	0.08045977011494253	0.17614678899082567	0.07918694252927991	0.47574108833980344	0.23404255319148937	0.15319374600844932	0.04065040650406503	0.9393383972072401	0.6846846844826231	0.41372025886344055	0.676510576516898	0.05609147700246061	0.5042340583981022	0.08107893372950785	0.34789808196321165	0.0
C[T>C]A	0.7376738247325382	0.6706961154592814	0.45268233512523864	0.4094488188976378	0.6677453680825358	0.9687499999999999	1.0	0.2636741047489782	0.3623529411764706	0.18518518518518517	0.2	0.9122807017543859	0.12463814741411755	1.0	0.6666666666666666	0.7227722772277229	0.98389769566981	0.2887514029460931	0.6055045871559633	0.9954267250676262	1.0	0.043753508758227096	0.0	0.4005789143572754	0.2555749211307159	0.9119818602556893	0.014602318407822352	0.6304412735010659	0.0	0.0
C[T>C]C	0.567586369886195	0.4466208118937946	0.43756105753300606	0.17333333333333334	0.5631774828673324	0.37735849056603776	0.26666666666666666	0.3537822391530974	0.5108225108225108	0.5	0.25	0.7403846153846153	0.10480512171115941	0.4953271028037384	0.44642857142857145	0.48019801980198024	0.5690074904994046	0.4036087301679957	0.5223880597014925	0.5879293710185766	0.704225352112676	0.024097479827458617	0.0	0.47716795142215684	0.36566105803538046	0.7354333698408758	0.6418052353003464	0.447110091433815	0.8786190154304026	0.0
C[T>C]G	0.6943282542135619	0.44112734695775274	0.27710619489606064	0.20491803278688522	0.5149272782135784	0.8231707317073171	0.38461538461538464	0.19769571898565455	0.4652567975830815	0.27272727272727276	0.05555555555555556	0.8452138492871691	0.1401624468634935	0.6956521739130436	0.7901234567901235	0.4909560723514212	0.6149109247531337	0.19331188685132006	0.5405405405405406	0.817877609439452	0.8791666666666667	0.012489450250959946	0.6494298592883605	0.0	0.15174523704010245	0.8569203464475306	0.5411679486763441	0.5755619991244094	0.5465547746856142	0.0
C[T>C]T	0.576209129450147	0.46629104677009486	0.32151623214828157	0.29834254143646416	0.47250663506314744	0.25384615384615383	0.5921052631578947	0.26329855119117	0.3223915592028136	0.0947867298578199	0.4090909090909091	0.7346938775510203	0.0016419047842405614	0.24545454545454548	0.4022988505747127	0.48256880733944957	0.2581781672753703	0.1880773769731596	0.5638297872340425	0.7064654469085164	0.8292682926829268	0.035906165622823005	0.0	0.22669873630501075	0.1655336526577459	0.7111412498166364	0.3621522920701434	0.037437945235759	0.47390137039047636	0.0
C[T>G]A	0.05346055682996495	0.13961253222112355	0.11319512395538543	0.0	0.09574668659085565	0.015625	0.0	0.12353668852857694	0.508235294117647	0.8148148148148148	0.0	0.038011695906432746	0.04400583881271703	0.0	0.0	0.009900990099009901	0.012117532912658543	0.0916617247659243	0.0	0.0015575843173961617	0.0	0.012171669512887921	0.0	0.0	0.0	0.002296149051740715	0.0	0.2915339564440226	0.3874870472166366	0.46535012229368605
C[T>G]C	0.2267606317601904	0.025152450685774663	0.176595858418081	0.08666666666666667	0.15685287625194436	0.37735849056603776	0.26666666666666666	0.06780737759699239	0.27705627705627706	0.47368421052631576	0.0625	0.09423076923076922	0.35725507866021206	0.1869158878504673	0.16964285714285715	0.20297029702970298	0.28429989929452726	0.266721805215579	0.08208955223880597	0.27149359213717494	0.035211267605633804	0.018968461890900172	1.0	0.23414757106796966	0.09798551470049126	0.13258512549665288	0.04274386049131686	0.35031456396908695	0.0	0.4692321527718042
C[T>G]G	0.15835962320379546	0.27811799276053933	0.3442752209966933	0.0942622950819672	0.19637672599757217	0.15243902439024393	0.34615384615384615	0.23076067940317455	0.38066465256797577	0.6727272727272728	0.6111111111111112	0.09164969450101833	0.11876527623798686	0.2173913043478261	0.04320987654320988	0.17312661498708012	0.28907864035534825	0.39548645251167597	0.17567567567567569	0.16968240830806844	0.016666666666666666	0.01902518728674054	0.0	0.01621472849896937	0.13377348040165918	0.09972030119948455	0.03854644546122642	0.28735191872995836	0.1718031019367292	0.4716981132075471
C[T>G]T	0.2367498963444817	0.0557914244054636	0.2350763443683169	0.06629834254143646	0.284852053477144	0.6615384615384615	0.17105263157894737	0.11522966247248555	0.5967174677608441	0.8625592417061612	0.4090909090909091	0.14285714285714285	0.9966377385967845	0.5727272727272728	0.5172413793103449	0.34128440366972473	0.6626348901953498	0.33618153468703693	0.20212765957446807	0.14034080708303426	0.13008130081300812	0.024755437169936972	0.3153153155173769	0.35958100483154876	0.15795577082535603	0.2327672731809031	0.1336136495317545	0.8814831210347331	0.1782005476463121	1.0
G[C>A]A	0.2437229016073709	0.051860783587888495	0.256925562471101	0.7054409005628518	0.317210358345766	0.03545051698670605	1.0	0.7982405807209512	0.6178010471204188	1.0	0.015094339622641508	0.31313131313131315	0.029918390327894853	0.031195840554592718	0.045977011494252866	0.38095238095238093	0.660109648474046	0.9725960097679581	0.07511737089201878	0.018837582825081835	0.005952380952380953	0.4040058470610791	0.0065242339242020785	0.6563755181399971	0.4865849238481439	0.11179184599538475	0.40758378087082264	0.38137328235747275	0.8676553755034309	0.1365699996451926
G[C>A]C	0.16305731571895635	0.062410113081386234	0.3755188115837607	0.7	0.283164387145742	0.06736353077816493	0.004651162790697674	0.7723595957094032	0.4842105263157895	0.13924050632911392	0.010131712259371832	0.3522012578616352	0.18585573774175884	0.15552523874488403	0.06832298136645963	0.43119266055045874	0.6881759253007006	0.7684927243113823	0.04806201550387597	0.05497050281708887	0.0805084745762712	0.3591406807754432	0.0034734338348232966	0.8129991114897493	0.4089982290071663	0.08413791678741783	0.366676858035256	0.19317687188026106	0.9395459157693782	0.1428573612457234
G[C>A]G	0.005915643840598743	0.3417581134035655	0.24366951725848707	0.7275641025641025	0.16424549010360798	0.015441176470588236	0.0	0.0665877245029291	0.0	0.007352941176470589	0.0	0.39473684210526316	0.02861238401700447	0.011122345803842266	0.007034632034632033	0.8	0.14588505742777005	0.4270256114503476	0.0	0.4495674160231439	0.13636363636363635	0.08673071926770913	0.011323039093871065	0.7179910751875033	0.05700497781448611	0.0005822657208904993	0.1481736677048094	0.0	0.4689609543665443	0.04864847042790651
G[C>A]T	0.19354474265200028	0.03358746768223317	0.29982751666025104	0.645	0.2873802120807374	0.13853503184713375	0.00617283950617284	0.6358717746555186	0.3695652173913044	0.3606557377049181	0.01136363636363636	0.17880794701986757	0.11203668183134954	0.5687789799072643	0.2741792369121562	0.3028846153846154	0.5305714090044044	0.9563108594519767	0.07280080889787664	0.20291625937702681	0.11917098445595854	0.23905739395064832	0.0	0.7041713611766679	0.46983630533747156	0.09453762785720422	0.37890309757884094	0.5227648819726173	0.8495154183873369	0.301818786736165
G[C>G]A	0.017825598613111723	0.006605887109506626	0.3157561456020427	0.13133208255159476	0.14829141709738022	0.0	0.0	0.12554091688344982	0.05759162303664922	0.0	0.0	0.06060606060606061	0.30559814494553966	0.003466204506065858	0.0421455938697318	0.12301587301587301	0.1309354389508136	0.006980521186123738	0.04694835680751174	0.022612201083406128	0.02380952380952381	0.0	0.0	0.05936407471346718	0.1506756077481174	0.10734521621037327	0.05374009894766692	0.014563493757624443	0.0029544905162138817	0.1138083330376605
G[C>G]C	0.06777564009953457	0.006771950421768866	0.3402057179229492	0.15964912280701754	0.16500217439765938	0.0348432055749129	0.018604651162790697	0.14872227226921014	0.15263157894736842	0.012658227848101266	0.0020263424518743665	0.06918238993710692	0.19437270017869152	0.001364256480218281	0.003450655624568668	0.14678899082568808	0.1386990515785498	0.030975266708668122	0.0	0.030433159111739858	0.08898305084745763	0.0	0.0008403468963102953	0.06928584433615968	0.15129992088802474	0.0791565668184138	0.03968787801032491	0.04735667863287653	0.0120864680151651	0.10075182452739619
G[C>G]G	2.3854528346667162e-06	0.07788482523938624	0.4382383135351368	0.1987179487179487	0.06434843580730942	0.0	0.0	0.025136306548758827	0.0	0.0	0.0	0.0	0.024170862340081374	0.0	0.003246753246753246	0.0	0.0004974975806414644	0.025002281226851684	0.0	7.639816496649849e-05	0.0	0.05577772007155842	0.0	0.08681854528805381	0.03622401307971088	0.009025162025749225	0.0	0.0	0.0	0.0864880013627946
G[C>G]T	0.03863362711721729	0.0733999479184891	0.4397087284389176	0.15	0.16853606529924042	0.027070063694267517	0.0	0.17437635172028898	0.19130434782608696	0.01639344262295082	0.0	0.05960264900662252	0.5448559507272388	0.00231839258114374	0.015971606033717837	0.13942307692307693	0.31118588073088027	0.018281456862500375	0.0	0.019421825721417825	0.02072538860103627	0.2479403505911332	0.0	0.042669855872036797	0.08945403852471887	0.05987555091781674	0.23313211620286498	0.06331004874442904	0.06836811416192573	0.0
G[C>T]A	0.7384514997795174	0.9415333293026048	0.42731829192685633	0.16322701688555347	0.5344982245568539	0.9645494830132939	0.0	0.07621850239559906	0.32460732984293195	0.0	0.9849056603773585	0.6262626262626263	0.6644834647265654	0.9653379549393414	0.9118773946360154	0.49603174603174605	0.20895491257514046	0.02042346904591808	0.8779342723004696	0.958550216091512	0.9702380952380952	0.5959941529389209	0.9934757660757979	0.28426040714653567	0.36273946840373866	0.7808629377942421	0.5386761201815105	0.6040632238849029	0.12939013398035534	0.7496216673171469
G[C>T]C	0.7691670441815089	0.930817936496845	0.28427547049329016	0.14035087719298245	0.5518334384565986	0.8977932636469221	0.9767441860465116	0.07891813202138671	0.3631578947368421	0.8481012658227848	0.9878419452887537	0.5786163522012578	0.6197715620795496	0.8431105047748977	0.9282263630089718	0.4220183486238532	0.1731250231207495	0.2005320089799497	0.9519379844961241	0.9145963380711712	0.8305084745762712	0.6408593192245567	0.9956862192688664	0.11771504417409086	0.4397018501048088	0.8367055163941683	0.593635263954419	0.7594664494868624	0.048367616215456787	0.7563908142268804
G[C>T]G	0.9940819707065666	0.5803570613570483	0.3180921692063762	0.0737179487179487	0.7714060740890826	0.9845588235294118	1.0	0.9082759689483121	1.0	0.9926470588235294	1.0	0.6052631578947368	0.9472167536429141	0.9888776541961577	0.9897186147186147	0.2	0.8536174449915885	0.5479721073228007	1.0	0.5503561858118896	0.8636363636363635	0.8574915606607325	0.988676960906129	0.1951903795244429	0.906771009105803	0.9903925722533603	0.8518263322951906	1.0	0.5310390456334557	0.8648635282092988
G[C>T]T	0.7678216302307825	0.8930125843992777	0.26046375490083135	0.20500000000000002	0.5440837226200222	0.8343949044585989	0.9938271604938272	0.18975187362419244	0.43913043478260866	0.6229508196721312	0.9886363636363635	0.7615894039735099	0.34310736744141157	0.428902627511592	0.7098491570541261	0.5576923076923077	0.15824271026471526	0.025407683685523035	0.9271991911021233	0.7776619149015555	0.8601036269430051	0.5130022554582184	1.0	0.25315878295129535	0.4407096561378096	0.8455868212249791	0.38796478621829406	0.4139250692829538	0.08211646745073715	0.698181213263835
G[T>A]A	0.05726817287497039	0.5343089277191333	0.2874255502540234	0.5307692307692307	0.273299198646689	0.0	0.0	0.5486641918333173	0.15544041450777205	0.0	0.23076923076923075	0.025510204081632654	0.11396680451807231	0.0	0.0	0.15706806282722513	0.1444972421344335	0.5006373505654323	0.4	0.06188475847688879	0.0	0.9271931353277335	0.0	0.6366825567663484	0.6112311661534382	0.022354401620301598	0.9583232006078173	0.13109702007024365	0.29239863904480357	0.5352157042424937
G[T>A]C	0.07123729041640572	0.5576867036822335	0.3428608647615756	0.7647058823529412	0.28882703752023714	0.27184466019417475	0.0	0.5809420831686726	0.2196969696969697	0.00819672131147541	0.15789473684210525	0.12302839116719243	0.2886150764386675	0.14619883040935672	0.06797853309481217	0.23391812865497075	0.12076537860744908	0.3984606611945917	0.0	0.46357533568051007	0.17466174661746617	1.0	0.25394808525607376	0.38403913219333696	0.5910516430192019	0.10872444112699918	0.011502388882469516	0.30912918734110956	0.0	0.28333375691497015
G[T>A]G	0.1629378753818901	0.4455177886026219	0.26407210403606324	0.689119170984456	0.25363127041630873	0.045801526717557245	0.23076923076923075	0.44869646779536937	0.16279069767441862	0.0	0.12121212121212122	0.04318181818181818	0.19330009481216712	0.0	0.11981566820276494	0.2463768115942029	0.27272634069332896	0.08818061445924766	0.13445378151260504	0.026804046240703105	0.03373231773667029	0.9375079184088131	0.0	0.0576075716231152	0.6338806954319062	0.029022161553656722	0.2077384300705592	0.14742605469584322	0.05435638690623194	0.3090890047194805
G[T>A]T	0.15521882138970447	0.24494542907359138	0.3732040276484383	0.6338028169014085	0.21187761686773784	0.21428571428571427	0.1	0.5614062938574584	0.10374639769452451	0.025316455696202535	0.04166666666666667	0.06623931623931624	0.14395356122274852	0.06766917293233082	0.13149847094801223	0.1506849315068493	0.05135992773672964	0.32032102620638686	0.2954545454545454	0.27319115743081857	0.03897338403041825	0.8716511620372404	0.0	0.0	0.5436660260014073	0.03814987120848315	0.0	0.05893896759377778	0.0	0.31250122187249524
G[T>C]A	0.9345028799900859	0.02171657903854077	0.44396336605769726	0.46923076923076923	0.6607046843586175	1.0	1.0	0.38563920149870656	0.4715025906735752	1.0	0.7692307692307693	0.9744897959183674	0.8707590309976605	1.0	1.0	0.8429319371727749	0.19278275445675486	0.1412475520932805	0.6	0.9367574594223692	1.0	0.07280686467226656	1.0	0.36331744323365167	0.2951677130671674	0.9772729075096235	0.041676799392182697	0.8689029799297564	0.7076013609551965	0.0
G[T>C]C	0.902666164242317	0.35311293161225593	0.3822618925642074	0.23529411764705885	0.6876353670456253	0.5728155339805825	1.0	0.3805133110629501	0.7348484848484849	0.8278688524590164	0.8421052631578948	0.8643533123028392	0.6048112685193079	0.7426900584795321	0.892665474060823	0.5789473684210527	0.453208618533685	0.601296504153017	1.0	0.1910383016591576	0.8179581795817957	0.0	0.7460519147439262	0.5310022555290905	0.40894835698079807	0.8398977933534695	0.9635905148404437	0.6908708126588905	1.0	0.5583314272159673
G[T>C]G	0.6757364377283311	0.0024858833083163875	0.19956455273917376	0.21761658031088085	0.5249504820428065	0.8778625954198472	0.11538461538461538	0.24971645666503	0.5465116279069767	0.8571428571428572	0.5757575757575758	0.9318181818181819	0.7933792106563078	0.8723404255319149	0.7096774193548386	0.7149758454106281	0.35867963811540327	0.3439113292978154	0.5042016806722689	0.8847517200916253	0.9619151251360174	0.027492715073026943	0.0	0.08171674120839452	0.22215384935005114	0.9535147830948475	0.16306234065847983	0.5637402133993171	0.5748086984652198	0.4848496050669722
G[T>C]T	0.7857971908492458	0.6568777304834327	0.3229033369779918	0.3380281690140845	0.6507427285265597	0.42857142857142855	0.8099999999999999	0.26753180051807496	0.3631123919308358	0.7848101265822786	0.9583333333333334	0.8653846153846154	0.7930198116937796	0.6466165413533835	0.28746177370030584	0.6484018264840182	0.10789972297702402	0.4232683929431347	0.5625	0.21534311651881938	0.9534220532319392	0.12834883796275956	1.0	0.8370522583090623	0.3817017959737065	0.8429341228301664	0.6198164590587455	0.011973847615829349	0.6451500718903813	0.4134621024026901
G[T>G]A	0.008228947134943642	0.44397449324232585	0.2686110836882793	0.0	0.06599611699469336	0.0	0.0	0.06569660666797618	0.3730569948186529	0.0	0.0	0.0	0.015274164484267142	0.0	0.0	0.0	0.6627200034088117	0.3581150973412872	0.0	0.0013577821007421233	0.0	0.0	0.0	0.0	0.09360112077939443	0.0003726908700748604	0.0	0.0	0.0	0.46478429575750635
G[T>G]C	0.02609654534127723	0.08920036470551053	0.27487724267421704	0.0	0.023537595434137526	0.15533980582524273	0.0	0.03854460576837722	0.04545454545454545	0.1639344262295082	0.0	0.012618296529968456	0.10657365504202455	0.1111111111111111	0.03935599284436494	0.1871345029239766	0.4260260028588659	0.00024283465239111318	0.0	0.34538636266033235	0.007380073800738005	0.0	0.0	0.08495861227757252	0.0	0.05137776551953151	0.02490709627708678	0.0	0.0	0.15833481586906242
G[T>G]G	0.16132568688977877	0.5519963280890616	0.536363343224763	0.09326424870466322	0.22141824754088488	0.07633587786259542	0.6538461538461539	0.30158707553960057	0.29069767441860467	0.14285714285714285	0.30303030303030304	0.025	0.013320694531525047	0.1276595744680851	0.1705069124423963	0.03864734299516909	0.36859402119126783	0.5679080562429368	0.36134453781512604	0.08844423366767165	0.004352557127312296	0.03499936651815992	1.0	0.8606756871684903	0.14396545521804266	0.01746305535149575	0.629199229270961	0.28883373190483963	0.37083491462854823	0.20606139021354722
G[T>G]T	0.05898398776104982	0.09817684044297599	0.30389263537356986	0.028169014084507046	0.1373796546057023	0.35714285714285715	0.09	0.17106190562446666	0.5331412103746398	0.18987341772151903	0.0	0.06837606837606838	0.06302662708347184	0.28571428571428575	0.581039755351682	0.2009132420091324	0.8407403492862464	0.2564105808504785	0.14204545454545453	0.5114657260503621	0.0076045627376425855	0.0	0.0	0.16294774169093773	0.07463217802488621	0.11891600596135038	0.3801835409412545	0.9290871847903929	0.3548499281096187	0.27403667572481477
T[C>A]A	0.42806921072390863	0.03202855271155095	0.3186131531298295	0.8312342569269521	0.5192495180055922	0.1868131868131868	0.008237232289950576	0.7052368086456958	0.7278688524590163	0.9099756690997567	0.028846153846153844	0.2894736842105263	0.10891305999413924	0.05154639175257732	0.3202247191011236	0.3546511627906977	0.09960451573699534	0.8004181047216833	0.18613138686131386	0.06025601843319044	0.014925373134328358	0.6437453349824173	0.12284857709063587	0.4608647835065266	0.24944448172634157	0.14737563284264107	0.24660056878828976	0.08698919087806734	0.675884316569481	0.0
T[C>A]C	0.3611153802957651	0.0737931271575921	0.33024472869476035	0.7545582047685835	0.2965459271422837	0.29591836734693877	0.006856359273225917	0.69708884558622	0.28289473684210525	0.3280254777070064	0.015384615384615384	0.4479638009049774	0.18006664825736726	0.3697104677060134	0.2540983606557377	0.4264705882352941	0.06871654391260906	0.7013849981806821	0.1559405940594059	0.3276534077456759	0.05319148936170213	0.5112180384047879	0.015694584227649373	0.7610624945481655	0.5133081684201386	0.1298429505099719	0.3609822490772569	0.12539886170893563	0.9861438994160435	0.0
T[C>A]G	0.028956731756968456	0.03247817567139507	0.24277346548596185	0.7123287671232876	0.30592541028806247	0.02736318407960199	0.0020060180541624875	0.23359385567142602	0.0	0.01427255985267035	0.011904761904761906	0.6551724137931035	0.12793965676341187	0.0	0.1937984496124031	0.5263157894736842	0.11771925583837706	0.5371907386233055	0.16666666666666669	0.041427774534823054	0.0	0.21315286868385697	0.03485008482771762	0.64794817721646	0.0	0.02493758065610244	0.23835221363685608	0.0	0.43901400529183376	0.08900361933148819
T[C>A]T	0.4742919867907873	0.04024885113819679	0.2753185036008529	0.7444668008048291	0.4974279557360489	0.5471698113207547	0.015046296296296295	0.6738994509357871	0.6895074946466809	0.8869390103567318	0.004140786749482402	0.3181818181818182	0.04942850318711863	0.6916890080428955	0.614406779661017	0.302504816955684	0.1810015780174986	0.9293211395697479	0.18954248366013068	0.5446716284390263	0.056338028169014086	0.7146621233915084	0.008305456209146248	0.7225620077296584	0.46076627601739795	0.16500242536335205	0.411720590589691	0.21172736703281828	0.7353279326608179	0.0
T[C>G]A	0.06551532718533098	0.07885033031296516	0.4385912747026649	0.08060453400503778	0.09422878054119138	0.0	0.0016474464579901153	0.10742966038938338	0.1081967213114754	0.0	0.003205128205128205	0.10526315789473682	0.6336672169109195	0.0	0.05056179775280899	0.14534883720930233	0.021437060147448676	0.02151334565014097	0.01824817518248175	0.002127167879020795	0.029850746268656716	0.03582715312191655	0.013677457449189643	0.1497692866017872	0.3522897277031946	0.23106073473237215	0.09998900115794337	0.058452667435418375	0.020618630601046496	0.0
T[C>G]C	0.06688419498808668	0.00021930010889004747	0.400704230686459	0.14726507713884993	0.1951136370590731	0.020408163265306124	0.0034281796366129585	0.14641937769245728	0.16447368421052633	0.0	0.00676923076923077	0.12217194570135746	0.6638143935014006	0.0	0.10655737704918034	0.18823529411764706	0.03501755941990287	0.13172021612984014	0.027227722772277224	0.012272063046116354	0.031914893617021274	0.1173091627985427	0.003736243628917661	0.09222524667916271	0.16363706901640052	0.17944485645544522	0.17896902289501182	0.10090759330978814	0.013856100583956511	0.0
T[C>G]G	0.003879954953397937	0.03187055487517099	0.45217496687598896	0.21232876712328766	0.10340883777534945	0.0	0.003009027081243731	0.0035355921160657223	0.0	0.0	0.03571428571428571	0.0	0.5316125614883972	0.0	0.0	0.0	0.0007390312666687424	0.05361226921882864	0.0	0.0	0.0	0.16441086124810106	0.0	0.08060839369603501	0.1274676599441686	5.830052296260583e-07	0.0021110219397149823	0.0	0.0050325681565301685	0.10471045348094529
T[C>G]T	0.09795900597916123	0.21717819047582912	0.5509318976442172	0.10060362173038231	0.1811728317013428	0.009433962264150943	0.008101851851851851	0.11038479617559167	0.10492505353319058	0.00028768699654775604	0.008281573498964804	0.09740259740259741	0.8759279765091255	0.0013404825737265416	0.0635593220338983	0.32562620423892097	0.10300334456523855	0.028122191317255286	0.22875816993464052	0.030422782734130915	0.042253521126760556	0.051013332742278025	0.017575687665452606	0.14549476208487874	0.306873007181139	0.43855997065667723	0.08945358956798548	0.13200995799366394	0.024444843413027523	0.0
T[C>T]A	0.5064154620907604	0.8891211169754839	0.24279557216750566	0.08816120906801006	0.3865217014532164	0.8131868131868132	0.9901153212520593	0.18733353096492086	0.16393442622950818	0.0900243309002433	0.967948717948718	0.6052631578947368	0.25741972309494127	0.9484536082474226	0.6292134831460674	0.5	0.878958424115556	0.17806854962817562	0.7956204379562044	0.9376168136877888	0.9552238805970149	0.3204275118956661	0.8634739654601744	0.3893659298916861	0.3982657905704639	0.6215636324249868	0.6534104300537669	0.8545581416865142	0.30349705282947254	1.0
T[C>T]C	0.5720004247161482	0.9259875727335178	0.2690510406187807	0.09817671809256662	0.5083404357986432	0.6836734693877552	0.9897154610901611	0.15649177672132278	0.5526315789473684	0.6719745222929937	0.9778461538461539	0.42986425339366513	0.15611895824123218	0.6302895322939867	0.639344262295082	0.3852941176470588	0.896265896667488	0.16689478568947777	0.8168316831683168	0.6600745292082076	0.9148936170212766	0.3714727987966694	0.980569172143433	0.14671225877267172	0.3230547625634609	0.6907121930345828	0.4600487280277313	0.7736935449812763	0.0	1.0
T[C>T]G	0.9671633132896336	0.9356512694534339	0.30505156763804914	0.07534246575342467	0.590665751936588	0.9726368159203981	0.9949849548645938	0.7628705522125083	1.0	0.9857274401473297	0.9523809523809524	0.3448275862068966	0.3404477817481908	1.0	0.8062015503875969	0.47368421052631576	0.8815417128949542	0.40919699215786576	0.8333333333333334	0.958572225465177	1.0	0.622436270068042	0.9651499151722824	0.2714434290875049	0.8725323400558315	0.9750618363386679	0.759536764423429	1.0	0.555953426551636	0.8062859271875666
T[C>T]T	0.4277490072300516	0.742572958385974	0.1737495987549298	0.15492957746478875	0.3213992125626082	0.44339622641509435	0.9768518518518519	0.21571575288862127	0.20556745182012848	0.11277330264672036	0.9875776397515528	0.5844155844155844	0.0746435203037559	0.306970509383378	0.3220338983050848	0.371868978805395	0.7159950774172629	0.0425566691129967	0.5816993464052288	0.4249055888268428	0.9014084507042254	0.23432454386621357	0.9741188561254012	0.13194323018546286	0.23236071680146292	0.3964376039799705	0.49882581984232355	0.6562626749735178	0.24022722392615467	1.0
T[T>A]A	0.3715768340650418	0.3173961107450557	0.3290686352090979	0.6164383561643836	0.2925382185396288	0.028571428571428577	0.30303030303030304	0.6949960844252883	0.24627720504009165	0.0	0.6	0.09895833333333334	0.23257482162829274	0.0	0.10526315789473685	0.21303258145363407	0.27503528536642086	0.9323013318563709	0.3170731707317073	0.13884089012220632	0.06490384615384616	0.8634243203414937	0.0	0.0	0.5681007914673794	0.021346345261633256	0.9477775889036922	0.010410454646445565	0.09387071065561153	0.46987855887414337
T[T>A]C	0.24534006188377058	0.009813287904304129	0.3472118726367973	0.7076923076923077	0.2612633388679726	0.12903225806451615	0.3488372093023256	0.5835417254677766	0.11020408163265306	0.04060913705583756	0.0	0.2634730538922156	0.6769488760485624	0.18390804597701152	0.15573770491803277	0.25663716814159293	0.11085978323663166	0.2135510255645172	0.5581395348837209	0.05748573817538556	0.11968085106382978	0.9655562852562174	0.0	0.773227054649354	0.29898707626333476	0.11419206218407187	0.012338675470395912	0.14689323006111887	0.31948028387732946	0.32512206725592807
T[T>A]G	0.0952305487780098	0.14305992983543453	0.27639428577604597	0.5540540540540541	0.2769506348094677	0.0	0.25641025641025644	0.5192378235683616	0.42944785276073616	0.0	0.0	0.10054347826086957	0.866179140442051	0.0	0.11111111111111112	0.22743682310469313	0.002017415859930916	0.46763803883815563	0.4333333333333333	0.003978793415953351	0.0	0.9413139500275663	0.3222161476624426	0.8588017523736389	0.4157556194768885	0.0009807820112839884	0.0	0.1027562744807575	0.5435463864825245	0.20329780816408605
T[T>A]T	0.27901255866445024	0.3121351576626827	0.38225793495707505	0.5769230769230769	0.24986261295929896	0.06481481481481481	0.5681818181818181	0.6161506721284782	0.13997985901309162	0.0368421052631579	0.5000000000000001	0.1891348088531187	0.15865830314798604	0.19047619047619047	0.03614457831325301	0.19184652278177458	0.056169997289716646	0.447202298457678	0.625	0.2779188823257191	0.028070175438596492	1.0	0.0	0.387514007525046	0.3686070839144873	0.04597300438940668	0.5364514107202497	0.06166824621789462	0.0	0.0
T[T>C]A	0.5356938471456304	0.40064317133088534	0.4205464081977328	0.3835616438356165	0.5421240044655422	0.842857142857143	0.696969696969697	0.2249819656355382	0.17869415807560138	0.375	0.4	0.8680555555555556	0.45219242351136313	1.0	0.8947368421052632	0.6165413533834586	0.6724575772866708	0.06043774651127545	0.4227642276422764	0.8611186916297989	0.9350961538461539	0.10163083013678839	0.0	1.0	0.3777318896938656	0.978363610886956	0.03088467422298173	0.5086222740403415	0.9061292893443884	0.0
T[T>C]C	0.5961295395579176	0.9610068212421631	0.41781508655401506	0.24615384615384617	0.5425942330514841	0.5645161290322581	0.41860465116279066	0.293422731497565	0.5591836734693878	0.49238578680203043	1.0	0.6826347305389222	0.11663080178416764	0.6436781609195402	0.8114754098360656	0.5398230088495576	0.47596254988645825	0.518587160919598	0.23255813953488372	0.9118938277262199	0.8324468085106383	0.03444371474378262	1.0	0.226772945350646	0.6501840645428509	0.8246239991045088	0.9142202050463338	0.41857087127526116	0.6805197161226706	0.4581265493151714
T[T>C]G	0.7273300848289337	0.41315458327565535	0.2573321191654655	0.24324324324324323	0.4883128784567651	0.905982905982906	0.4871794871794872	0.10632967104376391	0.30061349693251527	0.7471264367816092	0.7	0.8695652173913044	0.13212865462914924	0.9444444444444444	0.7222222222222223	0.5956678700361011	0.5662686135232182	0.3573861189536779	0.47500000000000003	0.9748800730148025	0.988095238095238	0.024012705476911762	0.33333333286943057	0.036896428978767624	0.199587232022243	0.9323381882566588	0.32883021975481885	0.4957960902487863	0.3776223749353664	0.33516544898004774
T[T>C]T	0.43853329897721804	0.6612075657708446	0.2799441016603643	0.2820512820512821	0.4239294093965104	0.2685185185185185	0.2727272727272727	0.22288942882391793	0.311178247734139	0.13026315789473686	0.31250000000000006	0.7464788732394366	0.17781143940297753	0.4126984126984127	0.5662650602409639	0.41726618705035967	0.10426783196886343	0.21542356641021856	0.27941176470588236	0.6481224279975418	0.9614035087719298	0.0	0.0	0.5129277827967709	0.4317158318344399	0.8584717332991412	0.42475235103435915	0.06465485607521443	0.3836327388545265	0.0
T[T>G]A	0.09272931878932783	0.2819607179240589	0.2503849565931693	0.0	0.16533777699482902	0.1285714285714286	0.0	0.08002194993917351	0.575028636884307	0.625	0.0	0.03298611111111111	0.3152327548603442	0.0	0.0	0.17042606516290723	0.052507137346908324	0.007260921632353585	0.2601626016260163	4.041824799480979e-05	0.0	0.03494484952171789	0.0	0.0	0.05416731883875501	0.00029004385141070336	0.021337736873326046	0.4809672713132128	0.0	0.5301214411258566
T[T>G]C	0.1585303985583119	0.029179890853532946	0.23497304080918763	0.04615384615384615	0.19614242808054316	0.3064516129032258	0.23255813953488372	0.12303554303465845	0.33061224489795915	0.46700507614213194	0.0	0.05389221556886228	0.20642032216727005	0.1724137931034483	0.03278688524590164	0.20353982300884957	0.41317766687691004	0.26786181351588473	0.20930232558139533	0.03062043409839457	0.047872340425531915	0.0	0.0	0.0	0.05082885919381421	0.061183938711419354	0.07344111948327027	0.4345358986636201	0.0	0.21675138342890052
T[T>G]G	0.17743936639305644	0.4437854868889102	0.46627359505848853	0.2027027027027027	0.2347364867337672	0.09401709401709402	0.25641025641025644	0.37443250538787454	0.26993865030674846	0.25287356321839083	0.3	0.029891304347826088	0.0016922049287998796	0.05555555555555556	0.16666666666666669	0.17689530685920576	0.43171397061685085	0.1749758422081666	0.09166666666666667	0.021141133569244092	0.011904761904761904	0.034673344495522	0.3444505194681269	0.10430181864759343	0.38465714850086846	0.06668102973205721	0.671169780245181	0.4014476352704563	0.0788312385821091	0.46153674285586604
T[T>G]T	0.2824541423583318	0.026657276566472706	0.3377979633825605	0.14102564102564105	0.3262079776441906	0.6666666666666666	0.1590909090909091	0.16095989904760385	0.5488418932527694	0.8328947368421052	0.1875	0.06438631790744467	0.6635302574490366	0.3968253968253968	0.39759036144578314	0.39088729016786566	0.83956217074142	0.33737413513210346	0.09558823529411764	0.07395868967673899	0.010526315789473682	0.0	0.0	0.09955820967818306	0.19967708425107286	0.09555526231145216	0.038796238245391225	0.8736768977068908	0.6163672611454735	0.0
