Type	SBS1_T	SBS2_T	SBS3_T	SBS4_T	SBS5_T	SBS6_T	SBS7a_T	SBS7b_T	SBS7c_T	SBS7d_T	SBS8_T	SBS9_T	SBS10a_T	SBS10b_T	SBS10c_T	SBS11_T	SBS12_T	SBS13_T	SBS14_T	SBS15_T	SBS16_T	SBS17a_T	SBS17b_T	SBS18_T	SBS19_T	SBS20_T	SBS21_T	SBS22_T	SBS24_T	SBS25_T	SBS26_T	SBS28_T	SBS29_T	SBS30_T	SBS31_T	SBS32_T	SBS33_T	SBS34_T	SBS35_T	SBS36_T	SBS37_T	SBS38_T	SBS39_T	SBS40_T	SBS41_T	SBS43_T	SBS44_T	SBS45_T	SBS55_T	SBS56_T	SBS57_T	SBS58_T	SBS84_T	SBS85_T
A[C>A]A	0.541	0.0	710.25	4557.0	657.903	0.0	105.0	1707.0	729.5	0.0	191.167	5.0	253.0	7.0	32.0	2.0	104.6	32.308	0.0	37.0	87.333	21.0	5.105	723.524	6.0	1.5	0.333	38.857	88.0	33.0	8.143	30.4	1241.0	1.333	9.0	6.0	7.0	5.333	61.0	237.0	50.333	44.0	144.0	547.37	6.5	448.0	0.0	8.0	27.0	40.0	76.333	170.25	6.5	5.5
A[C>A]C	5.377	0.231	574.65	2848.333	496.855	0.333	328.667	301.0	134.0	58.5	158.667	41.8	284.333	461.5	153.0	10.0	9.4	8.423	19.0	30.0	6.333	5.125	0.053	237.143	1.0	4.0	13.333	0.286	51.5	19.0	3.571	138.8	812.5	0.0	19.5	5.0	4.0	7.0	260.0	74.0	25.333	25.0	103.0	327.217	4.0	86.0	0.4	9.0	2.0	68.0	6.333	12.75	9.5	0.0
A[C>A]G	0.0	0.0	76.05	1367.333	83.919	0.0	71.667	60.0	17.0	6.0	19.0	1.2	18.667	1.0	1.0	1.0	2.8	1.846	1.0	5.0	1.333	0.0	0.0	29.143	0.0	0.0	0.667	2.571	39.5	5.0	0.286	14.8	287.5	0.0	0.5	1.0	1.0	0.0	8.5	15.0	14.333	2.5	41.0	58.304	0.0	2.0	0.0	1.0	0.0	0.0	4.667	0.75	0.0	0.0
A[C>A]T	1.459	0.115	485.75	2898.833	379.613	0.0	323.667	337.5	180.5	328.5	161.75	25.8	4867.333	0.5	131.0	6.0	14.2	4.038	64.0	67.0	52.0	0.0	3.737	324.952	2.0	9.75	5.0	9.857	44.0	19.0	5.571	407.6	701.0	0.0	6.5	2.0	5.0	0.333	120.0	188.0	78.333	14.5	121.0	312.913	4.0	31.0	53.4	8.0	1.0	77.0	24.667	5.25	12.0	1.0
A[C>G]A	1.41	0.0	565.05	728.5	421.355	0.0	161.667	1.0	203.0	172.0	16.583	40.0	0.0	6.5	2.0	1.0	2.8	73.0	0.0	11.0	0.333	1.5	0.053	8.857	6.0	18.5	0.0	6.571	3.5	18.0	1.571	2.2	15.0	0.667	10.0	0.0	2.0	0.333	7.5	12.0	177.333	4.5	554.0	210.783	19.5	2.0	14.8	3.0	9.0	0.0	53.333	33.25	13.5	3.0
A[C>G]C	0.41	0.115	319.0	274.167	227.855	0.0	25.667	108.0	24.0	272.5	8.75	12.8	0.333	1.5	1.0	4.0	0.6	12.038	0.0	9.0	0.333	0.5	0.0	21.571	2.0	3.25	2.667	0.143	1.0	4.0	0.857	3.4	9.0	0.0	2.0	0.0	2.5	0.0	13.0	15.0	47.667	3.5	254.0	134.957	9.5	0.0	0.4	1.0	0.0	0.0	6.333	1.5	20.0	0.0
A[C>G]G	0.0	0.0	30.65	167.5	89.726	0.0	52.333	258.5	0.0	52.0	0.417	3.0	0.0	0.0	0.0	0.0	0.0	5.885	0.0	1.0	0.667	0.125	0.0	22.19	0.0	0.75	0.0	0.429	0.5	0.0	0.286	0.0	1.5	0.333	2.5	0.0	0.5	0.0	0.0	0.0	4.0	0.0	169.0	43.109	7.0	22.0	0.0	0.0	0.0	0.0	2.667	1.25	0.0	0.0
A[C>G]T	0.361	0.0	522.2	307.333	379.645	0.0	135.333	144.0	217.5	269.0	18.833	40.8	0.0	0.0	4.0	7.0	5.4	70.385	0.0	14.0	34.0	0.0	0.947	33.0	5.0	11.5	0.0	0.0	1.0	11.0	2.857	0.6	5.5	0.0	1.0	0.0	1.5	0.0	23.0	12.0	90.0	3.5	476.0	223.826	32.5	3.0	17.6	1.0	1.0	0.0	6.0	1.0	58.0	11.5
A[C>T]A	171.738	0.0	422.85	582.5	1299.887	179.333	220.333	989.0	156.0	377.0	20.25	96.0	95.0	18.0	63.0	1412.0	73.4	99.808	14.0	154.0	0.333	3.375	1.947	90.19	103.0	253.5	16.667	5.571	13.5	56.0	20.286	24.0	35.0	158.667	17.5	64.0	5.5	1.667	4.0	39.0	83.667	7.5	93.0	395.087	33.5	0.0	750.0	0.0	13.0	11.0	137.333	153.75	68.5	0.0
A[C>T]C	25.213	8.654	288.45	251.5	717.323	66.0	15564.0	13150.0	516.5	38.0	5.583	49.4	151.0	393.5	61.0	6542.0	12.8	0.0	13.0	150.0	2.667	8.25	0.0	38.667	42.0	76.0	41.333	0.286	9.5	29.0	17.571	211.6	23.5	149.667	7.5	56.0	2.5	2.0	8.5	24.0	74.0	2.0	30.0	227.109	9.0	0.0	186.0	0.0	0.0	1.0	45.0	7.5	67.0	0.0
A[C>T]G	3357.984	0.0	58.85	88.333	350.952	416.333	0.0	640.5	190.5	212.5	8.5	42.2	1569.333	45.5	160.0	282.0	0.0	1.192	57.0	1190.0	9.333	0.0	1.316	155.143	9.0	93.0	87.0	5.714	0.0	63.0	44.857	718.8	432.0	16.0	6.0	14.0	15.0	0.0	1.5	50.0	210.0	15.0	76.0	0.304	12.5	14.0	183.4	5.0	9.0	7.0	71.333	13.5	3.0	0.0
A[C>T]T	50.246	13.731	398.5	277.833	920.403	48.0	7336.667	4263.5	587.0	2052.5	42.833	60.8	588.333	635.5	76.0	5017.0	20.8	1.038	13.0	65.0	12.667	1.0	0.0	86.571	157.0	58.25	0.0	0.857	8.0	15.0	13.857	352.2	1.5	33.667	7.5	77.0	3.5	1.333	1.0	28.0	148.333	3.0	132.0	332.022	19.0	38.0	222.8	1.0	0.0	5.0	32.0	8.5	82.5	1.5
A[T>A]A	0.754	0.308	238.4	973.333	505.065	0.333	3123.0	1590.0	1708.5	0.5	85.75	182.6	6.0	108.0	69.0	8.0	175.8	0.0	2.0	38.0	217.0	6.125	0.0	32.048	3.0	5.5	91.667	502.286	1.5	76.0	28.571	7.2	0.0	0.0	6.0	0.0	0.5	190.0	27.5	15.0	42.0	6.0	58.0	192.217	56.5	445.0	75.4	0.0	18.0	0.0	11.667	104.0	14.0	225.5
A[T>A]C	6.951	5.385	220.2	279.333	381.129	3.0	889.333	211.5	344.5	58.5	74.5	40.2	13.333	8.5	170.0	7.0	65.2	0.0	1.0	82.0	44.667	6.25	1.211	2.381	0.0	83.5	200.0	62.429	2.0	38.0	33.286	13.2	12.5	0.0	7.0	0.0	0.0	97.667	37.5	9.0	18.667	3.0	27.0	117.283	19.5	70.0	48.0	0.0	0.0	16.0	27.0	1.0	0.0	13.0
A[T>A]G	0.23	0.0	274.25	979.5	385.242	0.0	827.333	853.5	7.5	317.0	74.417	26.2	0.0	0.0	5.0	0.0	68.6	3.038	0.0	6.0	51.0	0.0	0.0	16.571	2.0	0.25	1.0	440.286	1.5	35.0	3.571	0.8	25.0	0.0	4.0	0.0	0.5	40.0	4.5	10.0	13.0	1.5	69.0	142.043	10.5	57.0	0.0	1.0	9.0	0.0	10.333	4.5	0.0	33.0
A[T>A]T	0.066	0.0	321.7	480.833	529.532	11.0	4182.0	3673.5	4772.5	3032.5	115.75	237.8	1620.333	301.0	704.0	0.0	100.8	12.692	11.0	301.0	109.667	31.875	13.684	205.762	3.0	338.75	31.0	62.143	2.5	71.0	100.571	149.4	35.5	0.333	6.5	0.0	19.5	693.0	43.5	15.0	91.667	7.5	60.0	312.717	291.5	105.0	456.6	1.0	4.0	218.0	35.0	23.25	28.0	94.5
A[T>C]A	0.672	0.0	482.8	726.667	2428.548	2.0	958.667	719.0	21.5	534.0	34.0	209.4	147.333	843.5	154.0	12.0	2960.4	19.385	12.0	112.0	2993.667	0.0	0.0	9.429	15.0	47.75	159.333	207.429	9.5	60.0	604.0	37.4	19.5	0.0	14.5	0.0	17.5	1.667	10.0	55.0	1313.333	4.5	94.0	422.457	55.5	0.0	202.2	1.0	9.0	24.0	77.333	156.25	0.0	49.0
A[T>C]C	6.328	0.0	226.45	34.333	626.113	1.0	303.0	208.5	30.5	325.5	12.0	110.2	968.333	59.0	103.0	18.0	1084.4	0.038	7.0	116.0	79.667	111.5	0.211	7.714	1.0	24.5	111.0	3.429	1.5	24.0	216.857	41.6	11.5	0.0	4.5	0.0	3.0	0.333	2.0	17.0	907.0	2.5	67.0	141.783	18.0	992.0	41.0	0.0	0.0	16.0	27.667	6.5	0.0	14.0
A[T>C]G	0.0	0.0	292.9	357.167	1405.839	3.667	223.333	664.5	68.5	696.5	13.0	108.0	329.0	31.0	101.0	2.0	1676.8	0.769	9.0	27.0	422.667	0.0	0.0	3.095	8.0	84.75	28.667	46.0	1.0	54.0	605.143	22.2	10.0	0.0	4.5	0.0	105.5	0.0	1.0	55.0	398.333	2.0	70.0	240.326	21.0	2.0	282.8	0.0	3.0	14.0	28.333	7.5	0.5	4.5
A[T>C]T	15.393	0.077	479.0	90.5	1659.306	0.0	600.667	785.5	169.0	3221.5	45.5	236.2	711.667	10.5	100.0	16.0	1807.8	5.731	4.0	35.0	1337.333	54.75	1.158	29.238	6.0	0.0	155.667	3.0	1.5	33.0	190.286	44.6	1.5	0.0	7.5	0.0	11.5	0.333	7.0	71.0	1224.667	4.0	111.0	362.804	40.0	34.0	1.0	2.0	10.0	22.0	31.667	5.25	17.5	89.5
A[T>G]A	0.016	1.115	149.1	83.5	203.968	0.0	596.0	12.5	1191.5	271.5	5.167	339.4	412.333	1.5	40.0	5.0	40.2	0.077	0.0	5.0	64.667	5.25	17.737	1.857	10.0	0.0	3.333	21.429	2.5	16.0	25.143	770.2	0.0	0.0	0.5	0.0	0.5	1.0	12.5	2.0	398.667	1.5	77.0	123.152	51.5	24.0	0.0	0.0	0.0	1.0	10.0	32.75	3.5	73.0
A[T>G]C	0.016	0.0	57.6	3.333	96.677	0.0	285.0	416.0	79.0	179.0	0.5	48.0	238.667	3.0	7.0	0.0	2.0	0.0	2.0	9.0	15.667	2.125	48.158	1.238	6.0	0.0	4.0	0.0	0.0	0.0	28.286	1230.8	0.5	0.0	1.0	0.0	0.0	0.0	3.0	2.0	244.0	0.0	31.0	69.5	5.5	7.0	0.0	0.0	0.0	0.0	2.333	0.25	2.5	3.0
A[T>G]G	0.0	0.0	160.35	66.167	210.677	0.0	314.0	658.0	30.0	820.5	8.75	30.4	41.0	25.5	3.0	1.0	1.0	0.0	0.0	3.0	6.667	0.75	4.105	3.238	2.0	0.0	0.0	9.857	0.0	10.0	10.0	373.8	0.0	0.0	3.0	0.0	0.0	0.0	6.5	5.0	234.667	2.0	95.0	94.63	6.0	143.0	0.0	0.0	189.0	0.0	1.667	1.25	0.0	1.0
A[T>G]T	0.0	0.0	134.2	6.0	228.581	0.0	393.0	358.0	0.0	1176.0	0.917	194.6	2079.333	0.0	122.0	3.0	16.4	2.192	8.0	55.0	45.667	126.375	789.0	12.238	5.0	0.0	0.333	0.143	5.0	0.0	52.714	9450.4	0.5	1.333	0.5	0.0	0.0	0.333	11.0	3.0	721.667	3.0	97.0	202.457	30.5	14.0	11.4	0.0	1.0	57.0	13.667	1.5	4.0	4.0
C[C>A]A	0.574	1.231	630.1	6843.5	454.887	4.0	1103.333	1085.0	4.0	2236.5	171.583	53.6	679.667	46.0	187.0	14.0	156.0	32.846	35.0	415.0	54.0	0.875	1.842	752.905	8.0	146.75	0.0	17.286	64.0	38.0	24.429	150.4	1304.0	0.667	17.0	1.0	7.5	4.667	203.5	556.0	85.0	992.0	145.0	390.804	6.0	117.0	0.0	285.0	14.0	28.0	90.333	17.5	0.0	4.5
C[C>A]C	2.967	0.077	620.2	6194.833	318.984	15.667	296.667	784.0	310.5	230.5	129.5	16.2	42.333	281.0	90.0	24.0	122.0	15.077	81.0	147.0	42.0	6.375	0.0	238.333	8.0	383.25	22.0	33.429	76.0	26.0	21.429	7.6	980.5	0.0	19.0	1.0	3.0	0.0	226.5	183.0	23.333	133.5	167.0	276.435	3.0	0.0	391.6	278.0	5.0	27.0	17.333	1.5	15.0	0.0
C[C>A]G	0.0	0.0	70.0	1795.167	125.0	2.667	0.0	230.5	210.0	0.0	8.083	4.0	5.0	3.0	8.0	0.0	9.6	0.0	2.0	23.0	1.333	0.0	0.0	91.333	0.0	46.75	19.0	0.143	23.0	2.0	4.0	0.0	192.5	0.0	0.0	0.0	0.5	0.0	9.5	48.0	10.333	123.5	46.0	45.239	0.5	0.0	48.4	32.0	0.0	0.0	5.0	1.0	0.0	0.0
C[C>A]T	0.0	5.5	525.85	5335.167	395.226	27.333	561.333	892.0	1748.5	0.0	146.833	35.4	5832.0	1144.5	552.0	7.0	12.0	0.0	417.0	592.0	6.667	0.125	1.263	518.762	0.0	1360.0	183.667	0.714	37.5	46.0	94.429	23.6	968.5	0.0	59.0	0.0	7.0	0.333	399.5	527.0	83.0	404.5	112.0	328.674	12.5	0.0	1063.4	164.0	0.0	359.0	36.667	1.75	10.5	0.0
C[C>G]A	0.0	0.0	409.3	709.0	221.532	0.0	0.0	325.5	16.0	143.0	13.167	3.2	0.0	0.0	0.0	2.0	4.2	95.538	0.0	5.0	2.667	0.5	0.263	0.238	0.0	0.0	0.0	3.571	1.0	21.0	0.286	0.0	18.5	0.667	2.0	0.0	0.5	0.0	10.0	6.0	0.0	0.5	310.0	110.804	4.5	0.0	0.0	2.0	3.0	0.0	1.0	0.25	0.5	1.0
C[C>G]C	0.0	0.808	304.95	514.0	220.919	0.0	103.0	321.0	146.0	3.0	11.333	5.2	0.0	0.0	0.0	1.0	0.6	3.846	0.0	1.0	3.667	0.0	0.0	3.857	1.0	0.0	0.0	1.714	5.5	9.0	0.143	0.0	34.5	0.333	1.5	0.0	0.0	0.0	12.0	1.0	0.0	0.0	265.0	108.63	1.0	0.0	0.0	2.0	3.0	0.0	2.333	0.25	4.0	0.0
C[C>G]G	0.0	0.0	60.85	290.167	68.645	0.0	68.333	344.0	8.5	76.5	0.0	0.2	0.0	0.0	0.0	0.0	0.0	4.077	0.0	3.0	0.667	0.0	0.0	17.524	0.0	0.0	0.0	0.143	0.0	1.0	0.0	0.0	0.5	0.0	0.0	0.0	0.0	0.0	0.0	1.0	0.0	0.5	101.0	22.717	0.5	80.0	0.0	0.0	0.0	0.0	0.333	0.0	0.0	0.0
C[C>G]T	0.0	0.0	512.4	515.5	287.468	0.0	86.667	360.5	371.0	0.0	14.833	13.2	0.0	0.0	1.0	0.0	5.0	102.0	0.0	4.0	23.667	0.0	0.158	20.381	5.0	0.0	0.0	0.429	2.0	0.0	0.429	0.0	47.0	0.333	2.5	0.0	0.0	0.0	46.5	10.0	0.333	1.5	417.0	174.87	11.0	5.0	0.0	1.0	2.0	0.0	2.667	0.5	34.5	0.0
C[C>T]A	3.279	102.615	488.1	1033.0	993.113	35.667	46849.0	39254.0	176.5	2104.5	8.333	91.2	2.0	3.5	49.0	862.0	161.6	0.0	2.0	127.0	27.0	2.375	2.316	162.905	733.0	42.25	9.333	5.286	5.0	43.0	10.429	8.8	127.0	197.333	37.0	22.0	9.5	2.667	24.0	45.0	43.333	7.0	101.0	401.848	26.0	0.0	37.8	2.0	8.0	0.0	57.667	11.5	19.0	0.0
C[C>T]C	0.115	0.5	468.0	784.833	897.484	42.0	50278.0	65140.0	420.5	105.5	12.5	97.4	0.0	3.5	79.0	7122.0	0.0	17.423	1.0	171.0	3.667	10.875	0.0	78.81	446.0	81.25	63.0	12.429	9.0	19.0	26.286	10.4	4.0	170.667	215.5	12.0	2.0	0.333	378.5	47.0	47.667	11.5	34.0	350.522	4.5	0.0	47.4	0.0	4.0	1.0	76.667	16.0	65.0	0.0
C[C>T]G	1597.836	21.538	44.0	182.833	672.0	298.333	5985.0	7814.5	647.0	107.5	1.333	56.8	0.0	280.5	101.0	48.0	0.0	18.846	14.0	487.0	0.0	14.625	2.895	192.19	61.0	115.75	70.0	0.714	2.5	38.0	26.857	168.4	112.0	18.0	7.5	4.0	15.0	7.333	3.5	33.0	73.0	4.5	54.0	32.5	34.5	0.0	176.6	2.0	0.0	18.0	30.0	8.0	0.0	0.0
C[C>T]T	0.0	17.308	608.05	1221.0	1103.984	31.667	51414.333	45338.0	1592.0	0.0	61.167	120.4	14.0	36.5	118.0	4544.0	73.2	21.692	1.0	146.0	89.0	9.875	0.0	73.524	1689.0	48.75	2.333	6.143	5.0	34.0	10.429	176.8	0.5	67.333	188.0	20.0	4.0	0.0	236.0	38.0	131.667	6.5	88.0	421.587	26.0	29.0	65.6	4.0	0.0	1.0	107.667	45.5	70.5	0.0
C[T>A]A	0.0	0.923	289.05	1452.667	234.871	0.0	287.333	732.0	456.5	150.0	70.583	64.0	0.0	1.0	13.0	4.0	7.6	1.308	0.0	7.0	29.333	4.5	0.421	2.381	0.0	0.25	0.0	876.571	1.5	123.0	9.714	5.2	46.0	0.0	30.5	0.0	1.0	29.0	266.5	6.0	33.0	1.5	82.0	65.109	30.0	59.0	0.0	5.0	0.0	5.0	14.667	5.5	0.0	37.0
C[T>A]C	0.23	0.615	396.0	1027.833	263.613	0.667	263.0	371.5	1187.0	0.0	84.417	22.0	0.0	2.5	20.0	4.0	215.8	2.269	5.0	20.0	38.333	448.875	20.368	26.905	1.0	47.75	8.667	396.286	2.0	72.0	19.429	62.6	19.5	0.333	29.5	0.0	1.5	0.333	174.5	12.0	26.667	1.5	91.0	147.804	12.0	0.0	36.4	1.0	0.0	2.0	52.0	30.75	0.0	2.5
C[T>A]G	0.049	0.269	396.15	2701.0	278.565	0.0	182.0	597.0	115.0	114.5	96.083	46.4	0.0	0.0	7.0	5.0	42.4	1.269	0.0	7.0	1.667	158.375	5.579	35.19	1.0	0.25	0.333	1194.143	13.5	214.0	12.143	27.4	51.0	0.0	22.0	0.0	0.5	0.333	297.0	12.0	30.667	4.0	116.0	116.109	14.5	1.0	4.2	7.0	32.0	3.0	5.0	0.75	0.0	0.0
C[T>A]T	0.016	0.0	446.9	1195.667	269.645	0.0	307.333	10.5	3508.5	29.5	127.333	45.6	84.0	18.0	34.0	4.0	52.0	7.692	1.0	10.0	57.0	1090.125	116.842	29.381	0.0	0.25	0.0	400.0	12.0	99.0	4.857	85.8	56.5	0.333	36.5	0.0	3.0	0.0	306.5	6.0	68.333	3.5	143.0	202.391	43.5	2.0	0.0	2.0	6.0	0.0	33.333	0.25	0.0	15.0
C[T>C]A	0.0	0.385	245.0	526.167	648.355	1.333	568.667	741.5	758.5	843.0	5.167	136.0	13.0	62.5	102.0	5.0	1156.4	0.0	3.0	26.0	73.0	142.25	4.895	0.048	1.0	100.5	208.667	45.429	2.5	34.0	447.0	58.8	2.5	1.0	6.5	0.0	25.0	0.0	4.0	7.0	504.667	1.0	65.0	191.913	55.0	55.0	210.8	0.0	5.0	8.0	37.0	5.0	2.0	8.0
C[T>C]C	4.197	0.0	349.45	158.0	482.597	0.333	395.667	485.0	425.0	1.0	21.417	151.8	7.0	8.0	104.0	12.0	1395.0	0.192	6.0	67.0	11.667	1545.0	53.211	10.381	0.0	34.75	44.333	6.571	1.5	31.0	267.714	192.0	9.5	1.0	13.5	0.0	54.5	0.0	9.0	10.0	483.0	3.0	113.0	168.109	17.0	2648.0	48.8	5.0	24.0	7.0	18.667	19.25	0.5	4.0
C[T>C]G	0.098	0.0	216.05	367.833	732.597	6.667	162.667	425.0	239.5	72.0	0.75	122.6	132.0	0.0	99.0	0.0	761.8	0.0	3.0	79.0	36.333	805.0	30.842	1.857	0.0	175.75	157.667	8.571	2.5	40.0	716.714	122.2	25.0	0.333	5.5	0.0	51.0	0.333	4.0	15.0	194.667	3.5	55.0	154.043	16.0	312.0	442.6	1.0	1.0	1.0	30.0	10.0	4.0	0.0
C[T>C]T	0.0	0.154	357.95	190.5	657.613	0.333	1882.0	2302.0	3749.0	2676.0	18.417	292.4	0.0	65.5	172.0	1.0	1144.0	0.077	0.0	46.0	109.667	4441.375	189.474	13.0	1.0	43.25	247.0	1.714	2.5	28.0	414.0	27.2	7.5	3.333	17.0	0.0	3.0	1.0	12.0	14.0	822.333	5.5	100.0	218.065	24.0	180.0	80.8	0.0	0.0	1.0	106.667	39.0	2.5	30.5
C[T>G]A	0.0	0.192	123.45	75.833	125.226	0.0	85.333	141.5	309.0	91.0	3.5	225.2	36.333	22.0	219.0	0.0	8.4	0.0	0.0	4.0	16.0	0.25	30.421	0.0	1.0	3.25	0.0	30.286	0.0	0.0	13.429	1322.4	0.0	0.0	2.0	0.0	2.5	0.667	12.5	2.0	78.667	0.5	75.0	62.435	20.0	7.0	1.4	0.0	1.0	43.0	0.0	0.25	3.0	11.0
C[T>G]C	0.033	0.115	140.3	19.0	151.823	0.667	168.0	311.0	495.5	0.0	2.333	57.0	0.0	34.0	13.0	0.0	9.8	0.0	1.0	19.0	0.667	4.25	347.579	4.571	5.0	11.5	0.0	4.857	0.0	12.0	61.571	661.4	0.0	0.0	1.5	0.0	1.0	0.0	0.0	2.0	28.667	1.0	73.0	71.109	7.0	17.0	32.0	0.0	0.0	0.0	4.0	0.25	2.0	3.0
C[T>G]G	0.0	0.038	246.9	276.167	243.613	1.333	0.0	1094.5	193.0	0.0	12.583	129.6	7.0	29.0	96.0	0.0	2.2	0.0	0.0	24.0	2.667	0.0	160.0	15.429	1.0	16.25	0.0	42.571	1.5	26.0	66.857	903.4	0.0	0.0	1.5	0.0	1.0	0.0	22.5	4.0	82.667	3.0	128.0	92.239	11.5	283.0	40.8	0.0	223.0	18.0	7.667	0.5	0.0	0.0
C[T>G]T	0.098	0.731	218.35	74.667	394.032	2.0	128.667	0.0	1403.5	28.0	0.917	561.4	238.667	398.5	303.0	1.0	1.0	0.038	1.0	64.0	10.667	43.25	5933.842	41.19	8.0	50.0	2.333	5.0	4.0	25.0	79.286	6846.8	0.5	0.0	2.0	0.0	0.0	0.0	12.0	3.0	116.667	13.5	71.0	202.022	40.5	0.0	5.6	0.0	0.0	0.0	42.667	0.5	0.0	4.5
G[C>A]A	2.279	0.038	273.6	3179.167	480.081	0.0	52.667	472.5	115.5	4.0	105.167	73.8	168.333	42.0	91.0	2.0	28.2	16.808	2.0	115.0	37.667	22.625	14.053	1123.571	3.0	42.25	11.333	8.714	114.5	43.0	2.286	6.4	1232.5	0.667	14.0	1.0	18.5	1.667	56.5	686.0	25.667	24.5	65.0	304.457	6.5	81.0	0.0	10.0	0.0	0.0	10.0	4.0	2.5	0.0
G[C>A]C	0.033	0.0	363.6	3083.167	352.306	0.667	141.333	66.5	45.0	0.0	83.0	44.2	90.333	221.5	69.0	10.0	1.0	4.0	35.0	166.0	17.333	7.5	0.0	221.571	0.0	30.75	55.667	11.143	247.5	25.0	4.0	71.4	1197.0	0.0	26.0	1.0	1.0	0.0	296.5	197.0	12.667	9.5	75.0	206.283	1.0	3.0	42.0	22.0	0.0	30.0	2.333	0.5	14.0	0.0
G[C>A]G	0.246	0.0	41.8	1300.5	89.565	0.333	27.667	10.5	0.0	0.0	8.167	0.0	0.0	0.5	1.0	0.0	1.0	0.654	1.0	41.0	1.667	0.0	0.053	84.048	0.0	5.75	10.667	2.0	99.0	1.0	0.571	0.4	325.0	0.0	0.0	0.0	0.0	0.0	1.5	43.0	3.0	0.5	30.0	44.826	0.0	1.0	4.8	3.0	0.0	0.0	0.0	1.75	0.0	0.0
G[C>A]T	0.0	0.115	305.8	2014.833	340.694	0.667	0.0	119.0	44.0	3.0	95.25	65.8	3288.667	350.5	155.0	0.0	0.0	0.192	114.0	672.0	19.333	0.0	5.895	631.143	1.0	28.0	127.667	2.143	91.5	35.0	8.429	15.8	864.5	0.333	4.5	1.0	11.5	0.0	109.0	638.0	40.667	16.5	67.0	212.043	5.0	3.0	122.6	9.0	0.0	61.0	8.667	0.0	13.0	0.0
G[C>G]A	0.0	0.0	258.45	511.167	153.726	0.0	35.667	27.0	15.5	13.0	7.25	5.6	0.333	0.0	1.0	0.0	0.0	18.462	0.0	4.0	0.0	1.0	0.0	0.286	1.0	0.5	1.0	4.0	2.0	10.0	0.857	5.0	12.5	0.0	3.0	0.0	0.5	0.0	8.0	6.0	18.333	0.0	218.0	76.739	4.0	130.0	0.4	0.0	0.0	0.0	7.667	1.0	27.5	0.0
G[C>G]C	0.0	0.5	226.9	467.333	186.323	0.333	44.0	281.5	41.0	0.0	5.25	13.4	5.333	3.0	3.0	0.0	0.0	3.115	0.0	18.0	3.667	1.75	0.0	3.714	2.0	10.0	11.0	2.571	8.5	7.0	3.143	0.0	3.5	0.0	2.0	0.0	0.5	0.0	78.0	4.0	6.667	1.0	190.0	90.804	7.5	87.0	10.2	2.0	0.0	0.0	6.333	0.25	34.5	5.0
G[C>G]G	0.0	0.0	51.0	272.0	33.952	0.0	30.667	122.5	2.5	19.0	0.333	0.8	0.0	0.0	0.0	0.0	0.0	1.077	0.0	1.0	0.0	0.0	0.0	0.429	1.0	0.25	0.0	0.143	1.5	0.0	0.0	0.0	0.0	0.0	0.0	0.0	0.0	0.0	0.0	1.0	0.0	2.0	59.0	12.152	0.0	317.0	0.0	1.0	24.0	0.0	1.667	4.5	1.5	0.0
G[C>G]T	0.0	0.038	357.7	239.833	208.532	0.0	44.0	122.0	117.5	53.5	11.75	35.4	1.667	1.5	1.0	1.0	0.2	36.923	0.0	10.0	3.0	0.75	0.0	2.333	0.0	5.0	0.0	0.286	1.0	2.0	0.714	0.0	11.0	0.0	4.0	0.0	0.5	0.0	21.0	6.0	11.333	0.5	328.0	103.913	9.5	77.0	7.0	0.0	0.0	0.0	0.0	0.5	145.5	1.5
G[C>T]A	15.328	0.0	426.7	307.833	907.21	240.333	161.0	629.5	8.0	27.5	0.0	74.8	7.667	34.5	45.0	1310.0	84.4	123.0	23.0	1045.0	19.333	7.625	0.0	114.19	324.0	242.0	88.0	8.143	43.5	27.0	19.429	231.8	153.5	86.333	6.0	18.0	11.0	0.0	28.0	14.0	48.667	4.0	89.0	290.239	19.5	2.0	889.2	0.0	11.0	0.0	13.333	6.25	106.5	0.0
G[C>T]C	0.0	0.0	349.65	264.833	997.677	297.667	9977.0	8761.0	0.0	0.0	0.0	73.4	3373.0	1929.5	124.0	5688.0	12.6	9.846	12.0	2477.0	10.0	0.0	0.053	95.286	208.0	349.0	251.333	4.857	58.0	23.0	53.429	16.4	95.0	105.667	8.5	30.0	9.0	0.0	65.0	25.0	57.0	3.0	33.0	266.913	32.5	0.0	1144.4	1.0	1.0	1.0	26.0	0.5	126.5	0.0
G[C>T]G	2220.18	0.0	4.25	30.5	644.855	536.667	22.667	284.0	3.0	33.0	3.417	53.8	5106.667	2060.5	157.0	133.0	0.0	0.308	0.0	7753.0	0.333	16.375	9.158	209.857	13.0	132.75	0.0	0.0	29.5	44.0	82.571	24.6	218.0	7.667	1.5	4.0	14.0	23.0	8.0	39.0	114.333	11.5	43.0	0.0	94.0	0.0	743.2	1.0	28.0	10.0	38.0	10.5	12.5	0.0
G[C>T]T	0.0	0.077	337.55	263.167	918.113	199.333	13420.667	1701.0	26.0	2154.0	14.083	140.0	3642.0	3900.0	186.0	3539.0	38.2	17.038	11.0	1350.0	21.333	0.0	0.0	82.143	676.0	197.5	85.333	5.571	28.5	28.0	40.714	8.6	54.5	22.0	5.5	18.0	6.5	0.0	23.5	27.0	57.667	4.0	78.0	286.761	33.0	36.0	789.8	2.0	5.0	1.0	14.667	4.75	237.0	4.0
G[T>A]A	0.0	0.0	158.9	862.167	154.129	0.0	603.0	287.0	193.0	0.0	36.167	32.4	0.0	0.0	19.0	0.0	4.6	0.0	0.0	7.0	0.667	0.0	0.053	7.19	0.0	0.25	18.333	350.857	2.0	69.0	9.857	1.2	39.5	0.0	1.0	1.0	0.0	13.667	2.5	4.0	8.0	2.0	49.0	64.652	11.5	44.0	13.2	0.0	3.0	1.0	6.333	1.75	1.0	47.5
G[T>A]C	0.049	0.077	162.15	306.5	144.5	2.0	238.333	79.0	174.5	0.0	37.667	41.8	0.0	5.0	68.0	4.0	42.8	0.154	11.0	49.0	0.333	44.375	2.526	11.381	0.0	55.75	138.0	69.0	2.5	18.0	12.714	5.0	2.0	0.0	2.0	3.0	0.0	3.0	25.0	4.0	16.0	0.0	35.0	66.543	8.5	2.0	41.4	0.0	0.0	12.0	3.0	0.0	0.0	1.5
G[T>A]G	0.066	0.038	217.15	1127.333	169.129	0.0	592.333	500.0	0.0	156.5	41.083	4.8	0.667	0.0	12.0	2.0	48.4	0.0	0.0	5.0	19.0	1.5	0.316	6.905	1.0	10.75	8.0	251.857	4.0	65.0	9.429	0.2	54.0	0.0	3.5	1.0	1.0	7.667	5.5	9.0	4.667	2.0	69.0	75.609	5.5	19.0	20.2	0.0	19.0	1.0	18.667	22.0	0.0	9.0
G[T>A]T	0.033	0.0	273.0	511.0	150.919	0.333	259.333	2.5	1472.5	489.0	69.5	23.6	65.333	4.5	117.0	2.0	7.6	2.538	1.0	13.0	0.333	84.625	25.421	33.667	1.0	35.75	15.667	67.0	1.0	31.0	9.286	17.2	3.5	0.0	1.5	0.0	1.0	6.667	12.0	4.0	32.667	1.5	56.0	105.435	22.0	1.0	35.8	0.0	7.0	21.0	25.667	2.0	0.0	17.5
G[T>C]A	1.541	0.0	280.75	298.833	852.097	6.333	252.0	231.0	0.0	113.5	6.583	116.0	890.333	2955.5	158.0	18.0	1788.4	1.577	20.0	328.0	4.333	0.0	0.0	1.048	7.0	17.25	1882.333	5.0	5.0	76.0	729.857	68.8	1.0	1.0	2.5	4.0	17.0	0.0	0.5	19.0	1005.667	3.0	78.0	161.109	33.0	0.0	416.6	0.0	3.0	2.0	12.333	1.0	0.0	24.5
G[T>C]C	5.148	0.0	166.05	70.167	460.145	2.0	135.0	0.0	35.0	279.0	6.083	151.4	2722.333	1143.0	128.0	23.0	838.8	0.654	11.0	546.0	1.0	205.375	16.684	16.19	1.0	13.5	661.667	4.429	4.0	16.0	245.857	88.4	35.5	0.0	8.0	1.0	14.5	0.333	9.5	4.0	636.333	3.5	79.0	104.891	15.0	676.0	21.2	0.0	6.0	0.0	11.0	0.5	0.0	8.0
G[T>C]G	1.393	0.0	209.0	172.667	665.613	3.333	119.333	347.5	13.0	290.0	3.417	70.0	0.0	237.0	127.0	7.0	876.8	0.192	12.0	167.0	10.0	35.625	8.105	20.048	2.0	25.25	999.0	2.143	1.5	50.0	603.286	96.8	13.5	0.0	2.5	4.0	277.0	0.0	0.0	11.0	393.667	3.0	38.0	104.826	10.5	13.0	272.0	0.0	14.0	5.0	18.333	24.0	1.0	4.0
G[T>C]T	0.016	0.0	297.05	50.833	781.29	1.0	596.667	1990.5	392.5	16059.5	18.75	126.8	2364.667	2363.5	139.0	6.0	1131.0	0.0	15.0	137.0	4.333	86.625	21.474	29.0	17.0	3.75	1183.333	2.857	4.0	44.0	402.429	133.8	5.0	0.0	3.5	2.0	15.5	0.0	0.0	22.0	1482.333	5.0	76.0	181.935	15.5	0.0	142.4	2.0	26.0	9.0	14.667	1.0	3.5	50.5
G[T>G]A	0.0	0.154	87.35	38.333	87.419	0.0	93.0	120.0	215.0	0.0	2.083	78.0	56.0	60.5	3.0	1.0	0.2	0.038	0.0	4.0	0.333	1.125	1.053	0.81	0.0	0.0	1.333	8.0	0.5	7.0	7.857	115.0	0.0	0.0	1.0	0.0	0.0	0.0	4.0	0.0	138.333	0.5	43.0	35.457	6.0	1500.0	0.0	0.0	17.0	0.0	2.0	14.75	1.0	18.0
G[T>G]C	0.0	0.077	53.3	9.667	63.839	0.0	137.667	129.5	142.5	0.0	0.5	49.6	290.333	142.0	5.0	0.0	0.0	0.0	2.0	58.0	0.333	0.125	76.0	0.0	1.0	0.25	6.333	0.286	1.0	0.0	11.0	242.6	0.0	0.0	0.5	0.0	1.0	0.0	15.5	0.0	165.667	2.5	51.0	27.696	3.0	1258.0	0.0	0.0	13.0	0.0	0.333	3.5	0.0	0.0
G[T>G]G	0.016	0.0	201.0	196.5	177.484	0.0	456.333	1335.5	621.0	339.0	10.75	38.4	0.0	87.0	4.0	1.0	0.4	1.308	0.0	31.0	0.0	3.0	13.105	23.19	0.0	0.0	0.667	2.143	0.5	7.0	14.571	135.4	0.0	0.333	4.0	0.0	9.0	0.0	10.0	7.0	89.333	7.5	59.0	68.804	2.5	4724.0	0.0	0.0	449.0	0.0	1.667	56.0	0.0	0.0
G[T>G]T	0.0	0.0	150.55	17.667	124.177	1.0	1091.667	937.0	741.5	580.0	3.917	241.2	373.0	375.5	147.0	3.0	0.0	0.0	3.0	226.0	7.333	66.25	1315.789	17.381	1.0	50.0	60.333	0.0	1.0	11.0	81.143	1268.4	3.0	0.0	1.5	0.0	0.5	0.333	14.0	3.0	284.667	9.5	89.0	88.913	16.0	2348.0	35.4	0.0	2.0	1.0	30.667	29.75	7.0	3.0
T[C>A]A	0.0	1.731	281.05	3684.667	407.79	0.333	579.667	1752.5	294.5	1110.5	103.583	159.8	17923.667	34.0	618.0	4.0	93.4	1288.423	0.0	134.0	61.667	0.375	0.0	885.381	9.0	5.75	7.333	7.0	98.5	11.0	7.571	955.8	1134.5	0.0	3.5	5.0	23.5	1.667	48.0	1351.0	37.333	50.5	57.0	462.043	13.0	198.0	5.8	53.0	1.0	774.0	40.333	14.5	3.0	1.5
T[C>A]C	3.885	0.038	492.55	4265.167	456.823	0.333	803.667	1729.0	1459.5	606.5	91.083	12.6	2139.667	338.5	57.0	28.0	71.0	519.385	49.0	105.0	29.667	0.0	0.0	531.19	5.0	15.25	1.0	13.857	124.0	25.0	3.286	33.8	1023.0	0.0	10.5	5.0	10.5	0.667	161.0	752.0	43.333	23.5	102.0	373.478	3.5	0.0	17.2	44.0	0.0	39.0	2.333	0.0	1.5	0.0
T[C>A]G	0.0	0.0	23.15	777.333	78.097	0.0	37.333	157.0	0.0	0.0	3.0	1.0	283.667	55.0	11.0	0.0	1.6	124.231	0.0	7.0	0.667	0.0	0.105	104.238	1.0	0.0	0.0	0.0	17.0	0.0	0.143	10.6	229.5	0.0	0.5	0.0	1.0	0.0	0.0	127.0	27.333	1.5	11.0	49.087	0.0	0.0	0.0	5.0	0.0	15.0	0.667	0.5	0.0	0.0
T[C>A]T	0.0	1.115	367.9	3657.833	646.403	0.667	1047.0	947.5	535.5	4.0	132.083	253.6	127515.667	6798.5	1560.0	0.0	38.8	703.038	134.0	318.0	41.0	0.5	45.789	1420.524	6.0	10.25	0.0	2.429	41.5	58.0	15.714	36.4	798.0	0.333	9.0	7.0	31.5	0.0	77.5	1797.0	50.333	77.0	71.0	505.913	24.5	0.0	160.8	42.0	4.0	1417.0	27.0	26.25	0.5	2.0
T[C>G]A	0.0	0.0	405.4	415.5	340.484	0.0	0.0	134.0	223.0	372.5	2.0	15.2	0.333	0.0	1.0	0.0	4.8	6877.308	0.0	13.0	1.667	59.375	1.105	13.381	1.0	0.0	1.667	13.286	5.5	34.0	4.571	0.4	0.0	0.0	1.5	0.0	27.0	0.0	18.0	28.0	6.667	8.0	435.0	257.87	98.0	0.0	2.0	2.0	13.0	3.0	1.333	2.0	0.0	1.0
T[C>G]C	0.0	0.0	519.55	569.833	272.726	0.0	56.0	902.0	517.0	24.5	1.833	6.8	0.0	0.0	2.0	5.0	9.0	1309.885	0.0	4.0	10.0	2.25	0.0	31.619	5.0	0.0	1.333	5.571	7.5	10.0	1.429	0.4	75.0	0.667	0.5	0.0	2.5	0.0	17.0	15.0	4.333	2.5	413.0	204.174	44.5	6.0	0.0	0.0	2.0	0.0	2.667	1.0	0.0	5.0
T[C>G]G	0.0	0.0	10.55	140.167	44.806	0.0	1.333	201.0	0.0	63.0	0.0	0.2	0.0	0.0	0.0	0.0	0.0	294.462	0.0	1.0	0.0	0.5	0.0	1.19	0.0	0.0	0.0	0.286	1.0	5.0	0.143	0.0	0.0	0.0	0.0	0.0	0.0	0.0	0.0	1.0	0.0	1.5	75.0	20.652	4.5	23.0	0.0	0.0	0.0	0.0	1.0	0.0	0.0	0.0
T[C>G]T	1.066	7.0	711.55	361.0	544.274	0.0	398.667	372.0	1371.0	0.5	0.0	38.4	0.667	0.0	1.0	3.0	47.8	7251.346	0.0	14.0	112.333	1.25	23.737	25.857	3.0	3.5	2.667	1.286	5.0	53.0	11.286	1.0	0.0	0.0	7.0	0.0	37.5	0.333	65.0	48.0	9.667	9.0	670.0	451.478	183.5	2.0	12.2	2.0	2.0	0.0	22.333	30.75	20.0	11.0
T[C>T]A	1.049	8527.692	164.35	369.0	1031.758	29.667	192183.0	2027.0	1153.0	1.0	13.583	43.4	72.667	252.0	21.0	1232.0	126.6	118.231	2.0	279.0	23.667	4.75	0.211	145.857	200.0	37.25	32.0	5.857	3.0	34.0	22.571	341.4	105.5	156.333	5.5	13.0	30.0	0.667	11.0	72.0	97.667	12.0	38.0	597.761	61.5	1.0	17.6	1.0	0.0	0.0	28.333	4.5	1.0	7.0
T[C>T]C	0.0	1589.731	379.4	510.5	1071.403	31.0	282751.667	70492.0	950.0	262.5	0.0	73.4	654.667	5114.5	116.0	8325.0	30.2	70.5	0.0	170.0	5.0	0.0	4.0	139.429	82.0	45.75	0.333	4.857	16.0	19.0	18.143	344.0	0.0	230.0	19.5	21.0	4.0	0.0	44.5	45.0	69.0	16.5	56.0	453.087	25.5	0.0	31.2	2.0	4.0	0.0	72.667	23.75	66.5	0.5
T[C>T]G	976.738	783.731	12.9	8.0	631.306	134.0	60580.667	18295.0	0.0	48.5	0.0	24.0	637.667	43568.0	86.0	0.0	0.0	14.923	6.0	292.0	1.0	0.0	0.0	140.095	10.0	13.5	2.667	0.0	0.0	45.0	17.714	139.4	75.5	14.667	3.0	3.0	6.5	0.0	0.0	28.0	78.667	5.0	34.0	32.5	19.5	0.0	0.0	1.0	6.0	0.0	20.333	0.5	0.0	0.0
T[C>T]T	0.0	4251.654	239.2	624.333	1061.452	20.0	96807.667	36899.5	141.0	2904.5	14.5	63.8	5075.0	12283.0	168.0	6115.0	131.6	11.115	0.0	93.0	94.0	1.0	11.316	38.524	294.0	0.0	0.667	0.0	6.0	36.0	15.143	156.8	46.0	80.333	21.0	18.0	16.0	0.0	35.5	64.0	155.667	15.0	40.0	498.761	55.0	59.0	40.2	3.0	69.0	0.0	99.333	324.5	45.5	58.5
T[T>A]A	66.607	3.385	286.95	966.0	442.145	1.333	502.333	1837.0	1844.5	1539.5	56.333	273.0	318.0	194.0	251.0	3.0	112.2	3.038	0.0	47.0	80.0	0.0	23.211	215.476	2.0	113.5	3.667	578.0	9.0	120.0	20.286	9.2	1.5	0.0	5.0	0.0	9.0	532.667	23.5	10.0	46.0	6.5	63.0	224.087	224.5	11.0	91.6	0.0	6.0	93.0	17.333	48.25	21.5	106.0
T[T>A]C	0.0	0.615	258.7	390.0	210.613	0.0	286.667	670.0	2300.5	28.5	56.25	11.4	51.0	36.5	12.0	4.0	268.0	1.423	3.0	13.0	23.333	64.875	1.0	22.619	1.0	2.0	14.667	172.429	5.5	16.0	8.571	68.4	38.0	0.0	2.0	1.0	0.0	0.0	32.5	3.0	25.333	0.0	37.0	147.304	42.0	2.0	0.0	0.0	0.0	2.0	20.0	0.25	0.0	6.5
T[T>A]G	0.0	0.0	156.4	733.333	174.355	0.0	0.0	537.5	862.5	275.5	32.583	98.2	81.333	1.5	1.0	3.0	57.4	0.346	0.0	3.0	18.0	10.25	0.0	5.714	0.0	0.25	0.0	431.286	2.5	59.0	2.0	13.0	2.0	0.0	3.0	0.0	1.0	2.667	6.0	1.0	19.333	0.0	47.0	80.478	28.0	0.0	0.0	0.0	12.0	18.0	10.667	0.5	1.0	11.0
T[T>A]T	4.77	0.654	407.95	507.5	446.661	0.333	586.333	0.0	17776.5	1299.0	116.917	152.8	1091.0	124.0	48.0	9.0	129.0	0.0	2.0	22.0	27.667	31.375	22.263	88.81	2.0	38.25	0.0	196.143	2.0	48.0	20.571	447.4	2.0	0.0	9.0	0.0	4.0	110.0	18.5	10.0	60.333	2.5	111.0	315.935	158.0	0.0	86.2	1.0	3.0	5.0	198.667	39.25	16.0	67.5
T[T>C]A	0.082	0.0	358.25	214.0	916.016	3.0	1998.0	2126.5	2276.5	4819.5	3.833	149.2	239.667	1293.5	159.0	1.0	2205.2	0.0	12.0	78.0	73.0	17.875	9.737	7.381	5.0	79.5	888.667	43.857	0.5	45.0	310.143	152.8	20.5	0.0	2.0	0.0	14.5	0.333	0.0	18.0	1297.667	1.0	53.0	220.348	250.0	0.0	235.0	1.0	4.0	2.0	14.667	2.25	1.0	32.5
T[T>C]C	12.213	0.077	271.55	25.167	515.21	1.0	599.333	662.5	1731.5	926.5	7.0	199.2	1736.333	10.5	260.0	10.0	1156.2	0.0	2.0	281.0	12.333	230.875	12.684	68.333	1.0	99.25	534.333	0.0	3.0	31.0	260.714	250.8	3.5	0.0	4.5	0.0	19.0	5.333	1.5	14.0	1370.0	3.0	73.0	162.891	100.5	1358.0	122.8	0.0	2.0	7.0	136.333	38.75	0.0	24.5
T[T>C]G	0.148	0.038	138.1	111.833	536.887	2.0	273.0	1355.5	965.0	1361.5	0.0	75.0	141.667	107.5	104.0	1.0	890.4	0.0	5.0	47.0	27.333	18.25	9.263	15.952	3.0	68.5	254.0	5.571	1.0	24.0	214.286	202.2	0.0	0.0	1.0	0.0	417.5	0.333	0.0	6.0	464.333	1.5	29.0	95.87	57.5	0.0	199.2	0.0	4.0	7.0	9.333	1.75	0.0	1.0
T[T>C]T	15.525	0.0	356.55	33.667	919.565	2.333	632.0	882.5	5895.0	2143.0	11.0	387.0	1476.0	3.0	231.0	1.0	1313.6	2.385	3.0	55.0	29.333	304.0	9.737	24.857	7.0	101.25	420.667	0.0	3.0	43.0	426.286	337.0	0.5	0.0	8.0	0.0	13.0	4.333	2.0	18.0	2467.0	3.0	79.0	217.957	150.5	15.0	300.8	1.0	0.0	1.0	725.333	68.5	24.5	142.5
T[T>G]A	0.0	0.0	207.05	25.667	253.871	0.0	129.0	410.0	1819.5	1.5	0.0	466.2	578.0	1034.5	166.0	0.0	18.4	0.923	0.0	7.0	43.0	0.0	0.0	1.952	3.0	0.0	3.0	23.571	0.0	7.0	6.429	3238.2	0.0	0.0	1.5	0.0	0.0	0.0	12.0	2.0	376.667	0.5	87.0	137.978	131.0	0.0	0.0	0.0	4.0	70.0	7.333	0.25	5.0	21.0
T[T>G]C	0.0	0.0	110.25	1.5	173.129	0.0	74.333	484.5	1245.0	0.5	0.583	50.6	0.0	423.0	2.0	0.0	3.4	0.0	0.0	8.0	11.667	0.0	73.895	3.238	3.0	0.0	1.0	2.857	0.5	0.0	7.571	2144.4	0.0	0.0	0.0	0.0	0.0	0.0	3.0	2.0	320.667	0.0	41.0	105.391	36.5	13.0	0.0	0.0	5.0	0.0	5.333	0.5	0.0	4.5
T[T>G]G	0.377	0.038	194.85	137.333	224.806	0.0	0.0	755.0	914.5	0.5	6.833	79.6	1.333	123.0	4.0	1.0	1.4	0.0	0.0	8.0	12.667	1.75	40.211	3.476	6.0	6.75	0.0	22.714	0.5	19.0	29.0	535.8	0.0	0.0	1.5	0.0	0.0	2.0	10.5	4.0	261.667	3.0	85.0	104.978	50.5	142.0	4.0	0.0	140.0	0.0	52.667	8.0	0.0	1.5
T[T>G]T	0.0	0.0	282.45	21.167	569.887	0.333	137.0	1327.5	3708.5	3.5	1.0	542.6	3809.667	8028.5	316.0	0.0	29.0	0.038	0.0	63.0	75.667	39.375	1450.474	45.524	12.0	5.0	0.0	1.857	2.0	18.0	75.857	34462.4	0.0	8.667	4.5	0.0	2.0	0.0	12.0	7.0	623.667	9.5	108.0	337.5	251.5	9.0	46.0	0.0	72.0	223.0	457.0	53.25	25.5	22.5
