Type	SBS1_U	SBS2_U	SBS3_U	SBS4_U	SBS5_U	SBS6_U	SBS7a_U	SBS7b_U	SBS7c_U	SBS7d_U	SBS8_U	SBS9_U	SBS10a_U	SBS10b_U	SBS10c_U	SBS11_U	SBS12_U	SBS13_U	SBS14_U	SBS15_U	SBS16_U	SBS17a_U	SBS17b_U	SBS18_U	SBS19_U	SBS20_U	SBS21_U	SBS22_U	SBS24_U	SBS25_U	SBS26_U	SBS28_U	SBS29_U	SBS30_U	SBS31_U	SBS32_U	SBS33_U	SBS34_U	SBS35_U	SBS36_U	SBS37_U	SBS38_U	SBS39_U	SBS40_U	SBS41_U	SBS43_U	SBS44_U	SBS45_U	SBS55_U	SBS56_U	SBS57_U	SBS58_U	SBS84_U	SBS85_U
A[C>A]A	0.328	0.0	499.75	2657.667	444.548	0.0	56.667	1063.0	428.5	0.0	128.833	3.2	200.333	4.0	29.0	2.0	67.6	22.5	0.0	31.0	48.0	14.75	3.684	518.048	2.0	1.0	0.0	20.0	37.0	25.0	5.857	23.6	830.0	0.667	7.0	4.0	5.0	3.667	37.0	195.0	39.0	29.0	108.0	374.674	4.5	290.0	0.0	4.0	12.0	31.0	53.667	103.5	7.0	6.0
A[C>A]C	3.016	0.077	457.8	1698.333	354.79	0.0	246.333	225.5	100.5	40.0	124.0	32.2	209.333	341.5	128.0	6.0	4.0	5.5	12.0	19.0	2.333	3.125	0.053	174.429	1.0	3.25	10.667	0.143	26.5	13.0	3.143	102.6	561.5	0.0	14.0	5.0	3.5	5.333	142.5	55.0	18.667	13.5	83.0	235.652	2.5	65.0	0.2	5.0	3.0	44.0	6.0	6.0	7.5	0.0
A[C>A]G	0.0	0.038	53.75	725.167	52.081	0.0	45.667	41.5	10.5	3.0	13.333	0.0	16.333	0.5	1.0	1.0	1.0	1.077	0.0	1.0	0.0	0.0	0.0	18.19	0.0	0.0	0.333	2.143	14.5	1.0	0.286	12.4	174.0	0.0	0.0	1.0	1.0	0.0	5.5	10.0	11.333	1.5	32.0	37.065	0.0	3.0	0.0	1.0	0.0	0.0	5.0	0.0	0.0	0.0
A[C>A]T	1.049	0.115	417.6	1846.333	299.516	0.0	267.0	293.0	151.5	274.5	127.583	23.0	4287.0	0.5	123.0	4.0	7.6	2.962	63.0	55.0	38.667	0.0	3.053	270.905	1.0	8.0	5.0	6.714	24.5	16.0	5.143	357.2	540.0	0.333	10.0	2.0	4.5	0.333	84.5	145.0	68.0	17.0	100.0	253.978	5.0	24.0	47.8	6.0	0.0	72.0	22.667	4.75	16.0	0.5
A[C>G]A	0.639	0.0	428.45	460.5	309.984	0.0	107.667	0.5	135.0	115.5	10.833	30.6	0.0	4.5	2.0	1.0	1.8	52.769	0.0	7.0	0.333	1.0	0.053	4.333	5.0	12.75	0.0	3.286	0.5	16.0	1.429	1.6	7.5	0.667	5.0	0.0	1.0	0.0	6.5	8.0	146.333	2.5	408.0	155.522	15.0	2.0	11.0	1.0	2.0	0.0	34.667	23.25	9.5	0.5
A[C>G]C	0.295	0.038	265.8	194.5	181.516	0.0	21.667	92.0	19.0	231.0	7.083	8.4	0.333	1.0	2.0	3.0	0.2	8.308	0.0	8.0	0.0	0.375	0.0	13.619	2.0	2.75	2.0	0.143	1.0	5.0	0.714	2.8	5.0	0.0	1.5	0.0	0.5	0.0	10.0	11.0	49.333	1.5	237.0	105.913	6.5	0.0	0.2	1.0	0.0	0.0	5.667	1.0	19.0	0.0
A[C>G]G	0.0	0.0	30.35	116.167	78.29	0.0	55.333	274.5	0.0	61.0	0.333	2.4	0.0	0.0	0.0	0.0	0.0	5.5	0.0	2.0	1.0	0.0	0.0	21.095	0.0	0.75	0.0	0.0	0.0	0.0	0.286	0.0	0.0	0.333	1.0	0.0	0.5	0.0	0.0	2.0	4.333	0.5	160.0	35.761	7.0	27.0	0.0	0.0	0.0	0.0	2.667	0.0	0.0	0.0
A[C>G]T	0.246	0.0	492.6	274.5	373.887	0.0	134.333	145.5	216.5	262.5	17.417	40.8	0.0	0.0	3.0	5.0	8.0	67.077	0.0	14.0	49.0	0.0	0.947	32.0	5.0	7.75	0.0	0.0	1.5	6.0	3.143	0.6	7.5	0.667	4.0	0.0	1.0	0.0	28.0	8.0	93.667	2.5	465.0	213.696	33.0	1.0	15.4	0.0	1.0	0.0	6.667	0.25	68.5	16.0
A[C>T]A	127.246	0.0	334.75	474.167	1018.661	135.333	190.333	856.0	133.5	325.5	14.167	70.2	75.333	14.0	49.0	1070.0	56.8	78.692	12.0	116.0	0.333	1.75	1.105	68.19	63.0	203.0	12.667	3.0	8.0	41.0	16.286	19.2	21.0	118.0	8.5	29.0	5.0	1.333	3.0	29.0	69.333	5.5	77.0	305.283	27.0	0.0	593.4	0.0	9.0	9.0	106.667	111.5	59.5	0.0
A[C>T]C	19.754	7.077	249.0	225.667	622.194	59.333	21283.667	17693.0	709.5	63.5	4.583	43.8	126.0	333.5	54.0	5777.0	9.2	0.0	11.0	130.0	1.333	6.25	0.0	30.667	30.0	71.5	36.0	0.143	7.5	25.0	14.571	177.2	12.5	123.0	5.0	24.0	1.5	1.667	8.0	19.0	63.0	2.5	24.0	189.957	8.5	0.0	162.4	0.0	0.0	2.0	43.0	5.5	58.5	0.0
A[C>T]G	2917.508	0.0	48.35	73.5	298.839	364.667	0.0	632.5	185.5	212.5	7.167	34.0	1154.0	33.0	142.0	262.0	0.0	0.923	50.0	1044.0	9.333	0.0	0.947	131.524	7.0	83.25	77.667	4.714	0.0	60.0	38.286	528.6	361.0	13.667	5.5	10.0	13.5	0.0	1.0	30.0	166.333	13.5	64.0	0.196	9.5	13.0	162.4	4.0	7.0	5.0	64.0	11.75	2.0	0.0
A[C>T]T	38.066	11.231	326.7	226.167	768.742	47.333	7815.333	4534.5	629.5	2185.0	33.417	51.0	484.333	527.5	70.0	4385.0	12.4	0.654	15.0	63.0	9.667	0.5	0.0	69.238	93.0	55.25	0.0	0.429	6.0	12.0	12.714	286.4	1.0	28.667	8.0	52.0	3.0	1.0	1.0	14.0	124.667	1.5	113.0	273.109	16.5	34.0	198.8	1.0	0.0	4.0	27.333	6.75	86.0	1.5
A[T>A]A	0.705	0.115	182.85	624.333	372.516	0.0	2558.667	1299.0	1403.0	0.0	64.0	163.6	5.333	103.0	57.0	6.0	110.0	0.0	1.0	24.0	105.333	4.625	0.0	19.81	2.0	4.75	83.333	254.0	0.5	42.0	29.857	7.2	0.0	0.0	8.0	0.0	0.0	148.0	20.0	7.0	39.333	4.5	50.0	148.174	46.5	247.0	69.0	0.0	13.0	0.0	7.667	76.0	14.0	248.0
A[T>A]C	4.131	3.231	168.1	161.5	270.629	2.333	753.0	174.5	298.0	46.0	48.833	29.4	12.0	8.5	143.0	6.0	35.2	0.0	0.0	73.0	22.0	4.0	0.737	0.952	0.0	71.5	171.667	35.857	0.5	27.0	27.571	11.2	2.5	0.0	2.5	0.0	0.0	65.0	21.5	3.0	15.0	1.5	20.0	88.217	14.5	57.0	42.8	0.0	0.0	20.0	20.333	0.25	1.0	7.5
A[T>A]G	0.262	0.0	216.8	654.5	297.565	0.0	750.667	772.0	6.5	291.5	56.333	24.2	0.0	0.0	5.0	0.0	44.0	2.077	0.0	3.0	24.333	0.0	0.0	10.952	2.0	0.25	0.667	243.429	0.5	19.0	4.714	0.6	10.5	0.0	1.0	0.0	0.5	36.333	3.5	7.0	10.0	0.5	57.0	120.152	9.0	45.0	0.0	1.0	17.0	1.0	13.667	4.75	1.0	39.0
A[T>A]T	0.082	0.0	308.2	363.5	478.774	10.333	4793.0	4208.5	5535.5	3476.0	104.083	237.4	1617.667	297.0	740.0	0.0	76.8	11.269	9.0	277.0	65.333	32.375	13.105	191.286	3.0	323.0	28.667	38.0	2.0	61.0	117.286	149.6	19.5	0.333	6.5	1.0	14.5	643.0	43.0	24.0	92.667	5.0	67.0	301.87	277.0	82.0	430.6	1.0	5.0	217.0	35.333	20.5	29.5	108.0
A[T>C]A	0.59	0.0	325.3	388.0	1457.613	1.333	830.0	626.5	16.5	474.5	16.333	178.8	137.0	793.5	132.0	11.0	1093.8	8.885	10.0	117.0	601.667	0.0	0.0	2.952	6.0	45.25	162.0	92.857	3.0	44.0	618.857	34.8	1.0	0.0	9.0	0.0	8.5	1.667	2.5	22.0	1205.0	2.5	72.0	274.174	52.0	0.0	203.8	0.0	8.0	20.0	72.333	117.0	0.0	51.5
A[T>C]C	4.525	0.0	168.6	18.667	435.694	0.667	231.667	156.5	20.5	262.5	8.167	87.2	818.0	50.0	88.0	9.0	530.8	0.038	6.0	85.0	30.667	93.375	0.158	4.429	0.0	23.25	106.333	1.857	0.0	20.0	212.286	34.8	0.5	0.0	2.5	0.0	1.5	0.333	0.0	7.0	777.667	1.0	51.0	103.804	17.5	785.0	39.2	0.0	0.0	15.0	28.333	4.25	0.0	13.0
A[T>C]G	0.0	0.0	221.6	214.167	986.242	3.333	195.0	607.5	62.5	643.5	8.083	92.2	287.0	26.5	88.0	1.0	874.6	0.346	9.0	36.0	156.333	0.0	0.0	1.524	3.0	85.25	29.667	23.429	0.0	43.0	628.714	19.0	2.0	0.0	1.5	0.0	111.0	0.0	0.0	13.0	359.333	1.0	49.0	180.609	18.5	2.0	304.4	0.0	2.0	14.0	31.0	4.75	1.0	2.0
A[T>C]T	10.59	0.038	382.1	49.5	1164.242	0.0	630.0	831.5	182.5	3437.5	31.667	241.2	731.0	10.0	97.0	14.0	738.4	3.269	3.0	39.0	305.333	46.5	1.0	17.333	3.0	0.0	179.333	1.429	0.5	26.0	250.0	45.4	0.0	0.0	4.0	0.0	10.0	0.667	2.5	23.0	1220.333	3.0	112.0	279.391	41.0	20.0	1.2	1.0	14.0	24.0	37.0	4.5	21.5	118.5
A[T>G]A	0.0	0.615	135.3	68.833	178.532	0.0	533.0	10.0	1098.0	251.5	4.667	341.6	342.0	0.5	40.0	3.0	31.0	0.077	0.0	7.0	49.0	4.5	16.474	1.81	9.0	0.0	2.667	12.714	3.5	7.0	24.571	637.4	0.0	0.0	5.5	0.0	1.0	1.0	10.0	7.0	320.333	1.0	68.0	112.152	55.0	25.0	0.0	0.0	0.0	1.0	9.667	28.25	0.5	72.5
A[T>G]C	0.0	0.038	56.3	2.167	93.758	0.0	349.333	519.0	100.0	221.5	0.417	47.6	174.0	1.5	6.0	0.0	4.0	0.0	4.0	8.0	14.667	1.875	43.684	0.714	3.0	0.0	4.0	0.0	0.5	0.0	32.571	907.4	0.0	0.0	2.0	0.0	0.0	0.0	3.0	1.0	181.333	0.5	25.0	66.391	6.5	5.0	0.0	0.0	0.0	0.0	2.667	0.25	3.0	5.0
A[T>G]G	0.0	0.0	136.35	44.333	202.726	0.0	459.333	979.0	52.5	1233.5	7.75	31.8	36.0	23.0	3.0	1.0	0.8	0.038	0.0	7.0	2.333	0.875	3.895	3.048	2.0	0.0	0.0	7.857	0.5	4.0	13.714	328.0	0.0	0.0	1.0	0.0	0.5	0.0	10.0	3.0	206.0	3.5	80.0	89.652	4.5	170.0	0.0	0.0	416.0	0.0	1.333	3.0	0.5	1.0
A[T>G]T	0.0	0.0	157.85	7.833	267.355	0.333	469.0	437.0	0.0	1403.0	1.333	228.4	1868.0	0.0	139.0	5.0	22.4	2.615	17.0	58.0	45.667	134.25	835.211	16.476	5.0	0.0	0.333	0.143	5.5	0.0	75.857	8504.2	0.5	1.0	0.5	0.0	1.5	0.333	12.0	5.0	653.667	4.0	109.0	230.804	34.5	24.0	12.4	0.0	3.0	58.0	27.667	2.5	10.0	7.5
C[C>A]A	0.508	0.962	492.85	3965.667	363.629	3.0	915.0	892.0	3.5	1835.5	129.917	47.4	588.0	40.0	171.0	16.0	109.4	26.692	35.0	388.0	39.0	0.375	1.579	640.524	8.0	140.75	0.0	10.571	28.0	44.0	23.143	130.4	915.0	0.333	9.5	0.0	8.0	4.333	130.0	507.0	74.333	928.5	120.0	319.196	4.5	80.0	0.0	195.0	14.0	24.0	81.667	11.25	0.0	3.0
C[C>A]C	2.541	0.077	498.65	3456.0	259.726	14.667	335.333	867.0	350.5	256.5	99.917	10.8	37.333	247.0	61.0	20.0	81.2	12.577	70.0	154.0	29.333	5.125	0.0	200.286	2.0	379.25	21.333	22.571	49.0	22.0	22.286	6.6	699.0	0.0	7.5	0.0	2.0	0.0	144.5	150.0	20.333	124.0	131.0	220.196	2.5	1.0	376.8	242.0	4.0	16.0	17.667	1.5	7.5	0.0
C[C>A]G	0.0	0.0	56.85	971.5	105.887	3.333	0.0	306.5	285.5	0.5	6.417	5.0	4.667	2.5	6.0	0.0	5.0	0.0	2.0	23.0	0.333	0.0	0.0	80.0	0.0	48.5	19.0	0.0	13.5	3.0	4.286	0.0	133.0	0.0	0.0	0.0	0.5	0.0	4.0	54.0	11.0	131.5	45.0	36.0	0.5	0.0	53.6	20.0	0.0	0.0	5.667	0.75	0.0	0.0
C[C>A]T	0.0	5.038	487.2	3353.333	372.129	26.667	665.0	1064.0	2166.0	0.0	126.833	36.6	5999.333	1199.5	469.0	4.0	8.4	0.0	396.0	643.0	3.667	0.0	1.105	499.286	0.0	1417.75	195.333	0.286	22.5	40.0	102.429	24.0	876.5	0.0	22.5	1.0	7.0	0.333	262.0	558.0	83.667	416.0	89.0	314.413	13.5	0.0	1128.8	117.0	0.0	317.0	39.333	3.5	10.5	0.0
C[C>G]A	0.0	0.0	358.45	493.167	201.839	0.0	0.0	293.0	12.5	118.5	12.5	3.6	0.0	0.0	0.0	2.0	3.0	86.846	0.0	6.0	2.667	0.0	0.105	0.238	2.0	0.0	0.0	2.286	1.0	18.0	0.0	0.0	14.5	0.667	1.5	0.0	0.0	0.0	7.5	10.0	0.0	1.5	279.0	102.196	3.0	0.0	0.0	2.0	4.0	0.0	0.667	0.25	0.0	2.0
C[C>G]C	0.0	0.654	290.0	376.0	217.823	0.0	117.0	375.0	175.5	3.5	9.667	3.6	0.0	0.0	0.0	2.0	1.0	3.462	0.0	0.0	4.0	0.0	0.0	3.857	2.0	0.0	0.0	0.857	3.0	5.0	0.286	0.0	35.5	0.333	1.0	0.0	0.0	0.0	13.5	9.0	0.0	1.0	245.0	105.717	0.5	0.0	0.0	1.0	3.0	0.0	2.667	0.75	3.0	0.0
C[C>G]G	0.033	0.038	94.0	236.833	99.677	0.0	123.667	562.0	17.5	135.0	0.0	0.8	0.0	0.0	0.0	0.0	0.0	7.692	0.0	5.0	1.667	0.0	0.0	33.857	0.0	0.0	0.0	0.143	0.5	1.0	0.0	0.0	0.5	0.0	0.0	0.0	0.0	0.0	0.5	5.0	0.0	0.0	185.0	35.783	0.0	89.0	0.0	0.0	0.0	0.0	1.667	0.0	0.0	0.0
C[C>G]T	0.0	0.0	554.75	490.667	353.677	0.0	116.667	469.0	479.5	0.0	15.833	18.0	0.0	0.0	1.0	0.0	10.2	116.769	0.0	5.0	38.333	0.0	0.158	26.429	9.0	0.0	0.0	0.571	3.5	0.0	0.714	0.0	76.0	0.667	2.5	0.0	0.5	0.0	51.5	18.0	0.333	1.5	443.0	210.261	12.5	4.0	0.0	1.0	4.0	0.0	2.333	0.5	29.0	0.0
C[C>T]A	2.82	95.192	458.7	1166.833	957.597	33.667	61840.0	51656.5	241.5	2753.0	7.0	86.4	1.333	3.0	49.0	762.0	142.2	0.0	2.0	122.0	24.333	2.0	2.053	155.857	434.0	39.0	8.333	5.857	4.5	46.0	9.571	6.8	106.0	182.0	23.5	13.0	9.0	3.333	21.0	45.0	33.333	8.5	78.0	385.674	23.5	0.0	34.4	1.0	9.0	0.0	53.333	10.5	19.0	0.0
C[C>T]C	0.098	0.462	420.95	886.833	858.113	38.667	76653.0	99208.0	655.5	181.0	9.333	89.8	0.0	3.0	73.0	6736.0	0.0	16.846	1.0	156.0	2.667	10.75	0.0	73.143	257.0	71.75	57.0	14.857	7.0	20.0	23.571	8.4	2.5	163.333	89.0	10.0	2.5	0.333	246.5	41.0	40.0	14.0	25.0	322.674	4.0	0.0	44.2	0.0	5.0	0.0	78.0	15.75	49.5	0.0
C[C>T]G	1690.098	23.654	47.0	213.667	725.097	315.667	9579.333	12323.5	1044.5	190.0	1.5	63.0	0.0	238.5	101.0	53.0	0.0	21.231	15.0	518.0	0.0	15.75	3.263	205.667	48.0	121.5	72.333	1.429	3.5	43.0	28.286	139.8	120.0	19.0	6.0	4.0	13.5	8.333	4.5	32.0	66.0	5.0	57.0	34.283	38.0	0.0	188.0	2.0	0.0	18.0	31.0	11.0	0.0	0.0
C[C>T]T	0.0	18.654	599.45	1195.5	1115.403	33.667	70876.667	62322.5	2194.0	1.0	59.417	120.2	13.0	34.5	121.0	4580.0	62.8	23.154	1.0	156.0	88.333	10.875	0.0	80.381	1086.0	50.75	2.333	6.286	4.0	32.0	11.286	162.4	0.5	73.333	71.0	21.0	4.0	0.0	187.0	38.0	121.333	7.0	77.0	430.37	25.5	35.0	65.0	3.0	0.0	1.0	115.333	60.25	70.0	0.0
C[T>A]A	0.0	0.654	221.6	880.5	195.403	0.0	231.667	607.5	397.0	118.0	51.583	60.2	0.0	1.0	12.0	5.0	6.0	0.692	0.0	7.0	18.333	3.5	0.368	2.0	0.0	0.25	0.0	414.429	2.0	53.0	12.143	3.4	34.0	0.0	14.0	0.0	1.0	24.667	170.5	3.0	26.667	0.5	70.0	60.5	27.5	30.0	0.0	2.0	0.0	1.0	14.667	3.0	0.5	37.5
C[T>A]C	0.18	0.692	330.8	670.833	216.468	0.667	325.667	458.0	1460.5	0.0	67.917	19.2	0.0	2.0	21.0	3.0	160.0	1.885	3.0	21.0	18.0	402.25	17.842	20.571	2.0	41.25	8.333	218.857	1.5	44.0	18.0	50.4	10.5	0.0	14.0	0.0	0.5	0.333	123.5	9.0	20.0	1.5	78.0	141.022	12.5	0.0	33.8	1.0	0.0	1.0	39.0	24.0	0.0	1.5
C[T>A]G	0.066	0.154	363.85	1796.333	278.048	0.0	181.333	591.5	115.0	111.0	85.917	46.6	0.0	0.0	6.0	6.0	46.8	1.154	0.0	2.0	1.667	154.875	5.105	33.286	1.0	0.25	0.667	658.714	11.0	134.0	15.857	26.0	52.5	0.333	16.0	0.0	0.0	0.333	241.5	11.0	30.0	4.0	92.0	129.935	13.0	0.0	5.4	6.0	60.0	4.0	5.0	1.0	0.0	0.0
C[T>A]T	0.066	0.0	450.25	883.833	269.71	0.0	425.667	21.5	4740.0	47.5	137.083	49.8	89.667	19.0	34.0	3.0	40.8	7.692	2.0	16.0	40.333	1237.5	132.895	33.905	1.0	0.25	0.0	259.857	8.5	76.0	7.857	91.4	45.0	0.0	22.5	0.0	2.0	0.0	243.0	8.0	76.0	3.0	158.0	224.109	56.5	1.0	0.0	2.0	9.0	0.0	41.0	0.75	0.0	24.5
C[T>C]A	0.0	0.385	216.3	342.333	516.984	1.333	611.333	790.5	816.0	896.0	3.667	123.8	11.0	55.5	98.0	3.0	713.6	0.0	1.0	41.0	38.333	127.125	4.0	0.048	0.0	95.0	192.667	26.143	1.0	23.0	439.429	50.0	0.5	0.667	4.5	0.0	19.5	0.0	2.5	5.0	454.0	1.5	62.0	169.174	50.5	43.0	209.4	0.0	5.0	7.0	36.0	3.75	4.5	6.0
C[T>C]C	3.869	0.0	314.6	123.5	413.048	0.333	446.333	547.0	482.5	1.0	18.5	149.4	5.667	6.0	87.0	12.0	869.0	0.154	4.0	80.0	3.667	1476.75	50.842	8.429	0.0	33.5	40.667	4.571	1.5	28.0	266.0	160.6	3.5	0.667	6.5	0.0	42.0	0.0	4.0	7.0	412.333	5.0	97.0	156.848	16.0	2366.0	50.6	4.0	25.0	6.0	19.333	19.75	0.0	3.0
C[T>C]G	0.098	0.0	207.35	269.833	648.597	6.667	187.0	486.0	281.0	88.5	0.417	126.8	116.0	0.0	102.0	1.0	512.0	0.0	3.0	70.0	22.0	799.5	30.316	1.952	0.0	182.75	165.333	7.0	1.0	45.0	762.143	108.0	10.0	0.667	4.0	0.0	69.5	0.333	2.0	15.0	181.0	3.5	63.0	148.152	16.5	312.0	475.4	0.0	1.0	1.0	32.333	11.75	5.0	0.0
C[T>C]T	0.0	0.077	368.9	157.333	629.887	0.667	2411.0	2960.0	4787.0	3432.0	16.667	312.2	0.0	67.0	198.0	1.0	776.2	0.038	1.0	57.0	52.0	4743.625	202.526	13.429	0.0	55.0	293.0	1.286	3.5	29.0	557.429	28.0	2.5	3.0	14.0	0.0	2.5	1.333	11.5	10.0	862.0	6.0	112.0	227.674	28.0	170.0	100.8	0.0	0.0	1.0	148.333	51.0	1.5	32.5
C[T>G]A	0.0	0.115	105.75	51.667	107.226	0.0	89.667	144.5	304.0	95.0	2.417	202.4	28.667	17.0	181.0	0.0	6.2	0.0	0.0	3.0	12.333	0.25	27.0	0.048	0.0	2.75	0.0	17.429	1.0	0.0	13.0	1041.2	0.5	0.0	0.5	0.0	1.0	0.667	10.0	3.0	64.667	0.5	70.0	56.87	18.5	6.0	1.2	0.0	1.0	27.0	0.0	0.0	1.0	10.0
C[T>G]C	0.066	0.115	144.55	14.667	182.081	1.333	214.333	390.0	602.0	0.0	3.25	55.4	0.0	27.5	13.0	0.0	25.2	0.0	2.0	16.0	1.667	3.25	329.526	4.905	7.0	12.25	0.0	3.714	0.0	10.0	67.857	538.0	0.0	0.0	1.5	0.0	1.0	0.0	1.5	2.0	24.667	0.5	76.0	84.196	10.5	15.0	33.8	0.0	0.0	0.0	5.0	0.5	3.5	2.5
C[T>G]G	0.0	0.115	234.35	200.667	245.532	1.667	0.0	1651.0	311.0	0.5	12.083	128.0	6.0	26.0	90.0	0.0	1.6	0.0	0.0	26.0	1.667	0.0	160.158	14.048	1.0	15.75	0.0	30.143	3.0	28.0	73.857	794.6	0.0	0.0	1.5	0.0	1.5	0.0	19.5	7.0	76.667	4.0	115.0	92.717	13.0	287.0	46.4	0.0	430.0	20.0	9.333	1.75	0.0	1.0
C[T>G]T	0.098	1.038	258.85	74.833	482.935	3.0	174.667	0.5	1893.5	42.0	1.0	601.8	228.667	385.5	330.0	1.0	1.0	0.038	2.0	82.0	10.0	45.125	6184.421	51.048	11.0	55.25	2.667	4.857	9.5	32.0	98.571	6564.8	0.5	0.0	0.5	0.0	0.0	0.0	16.0	14.0	117.667	19.0	91.0	245.239	44.0	0.0	5.6	0.0	1.0	0.0	44.333	1.25	0.0	6.5
G[C>A]A	1.754	0.077	228.5	1945.667	380.806	0.0	33.0	330.5	75.0	1.5	90.167	70.2	159.0	40.0	93.0	1.0	13.6	13.538	1.0	128.0	26.667	19.75	11.842	981.952	2.0	35.75	9.667	6.429	64.0	31.0	2.143	6.2	914.5	0.667	15.0	1.0	12.5	2.0	40.5	642.0	27.0	23.5	55.0	258.5	6.5	57.0	0.0	8.0	0.0	0.0	10.0	1.5	5.0	1.0
G[C>A]C	0.033	0.0	298.0	1736.167	274.29	0.667	138.667	63.5	43.0	0.0	63.0	43.0	85.0	211.5	63.0	7.0	0.2	3.269	36.0	160.0	9.333	5.625	0.0	177.714	0.0	30.25	55.667	6.571	156.5	14.0	4.571	67.6	886.5	0.0	20.5	1.0	1.0	0.0	200.0	162.0	12.667	7.0	61.0	164.696	0.5	0.0	41.4	18.0	0.0	26.0	2.333	0.0	14.0	0.0
G[C>A]G	0.246	0.0	30.1	721.667	60.258	0.0	19.0	8.0	0.0	0.0	4.667	0.0	0.0	0.5	1.0	0.0	0.2	0.308	0.0	34.0	0.667	0.0	0.053	60.619	0.0	6.25	10.667	0.714	52.5	0.0	0.286	0.4	220.5	0.0	0.5	0.0	0.0	0.0	1.0	32.0	2.667	0.0	24.0	32.13	0.0	2.0	5.2	2.0	0.0	0.0	0.0	1.75	0.0	0.0
G[C>A]T	0.0	0.077	297.05	1360.333	315.984	0.667	0.0	128.0	52.5	3.0	87.667	67.8	3476.667	374.0	160.0	0.0	0.0	0.115	110.0	719.0	14.0	0.0	5.579	614.048	0.0	31.5	146.0	2.143	59.5	44.0	9.0	16.6	747.5	0.667	3.0	1.0	5.0	0.0	85.5	684.0	44.0	18.0	55.0	203.152	5.5	3.0	132.0	8.0	0.0	51.0	9.333	0.0	20.0	0.0
G[C>G]A	0.0	0.0	237.5	353.833	137.532	0.0	26.0	21.5	12.0	10.0	5.417	5.6	0.333	0.0	1.0	0.0	0.2	15.577	0.0	10.0	0.0	0.75	0.0	0.286	1.0	0.75	1.333	2.143	0.5	6.0	0.143	4.4	4.0	0.0	1.0	0.0	0.5	0.0	8.0	3.0	16.333	1.0	170.0	67.913	5.5	124.0	0.4	0.0	0.0	0.0	4.667	0.5	22.0	0.5
G[C>G]C	0.0	0.538	224.25	387.333	182.661	0.667	48.0	315.0	49.0	0.0	4.917	17.4	5.333	3.0	3.0	1.0	0.0	3.038	0.0	15.0	5.333	1.625	0.0	3.524	0.0	9.25	9.0	2.143	5.5	3.0	3.0	0.0	2.5	0.0	10.0	0.0	1.5	0.0	78.0	9.0	7.333	0.5	178.0	82.891	8.0	103.0	9.2	1.0	2.0	0.0	6.333	0.25	34.0	6.5
G[C>G]G	0.0	0.0	62.05	193.167	34.774	0.0	40.667	159.5	4.5	24.0	0.333	0.6	0.0	0.0	0.0	0.0	0.0	1.308	0.0	1.0	0.0	0.0	0.0	0.238	0.0	0.5	0.0	0.143	2.5	0.0	0.0	0.0	0.0	0.0	0.5	0.0	0.0	0.0	0.0	1.0	0.0	1.5	70.0	13.478	0.0	362.0	0.0	0.0	20.0	0.0	1.333	4.25	2.0	0.0
G[C>G]T	0.0	0.077	391.4	212.333	232.21	0.0	64.667	174.5	160.5	77.5	13.667	46.0	2.0	2.0	2.0	2.0	0.0	41.692	0.0	10.0	2.667	1.375	0.0	2.19	0.0	5.5	0.0	0.714	1.0	4.0	0.571	0.0	10.0	0.0	3.0	0.0	0.5	0.0	24.5	7.0	14.0	0.5	334.0	114.217	11.5	102.0	8.0	0.0	0.0	0.0	0.333	0.25	135.0	2.5
G[C>T]A	15.361	0.0	434.0	284.333	879.548	230.333	162.0	651.5	9.5	28.5	0.0	71.4	7.0	30.0	40.0	1098.0	76.2	123.808	23.0	1017.0	18.667	6.875	0.0	117.095	212.0	239.25	84.0	7.143	36.5	32.0	19.0	201.6	131.5	95.333	7.5	9.0	12.0	0.0	25.0	21.0	46.0	2.5	77.0	296.5	21.0	4.0	842.6	0.0	10.0	0.0	13.333	6.5	114.0	0.0
G[C>T]C	0.0	0.0	348.85	248.167	979.016	305.667	15590.333	13401.0	0.0	1.0	0.0	74.4	3126.667	1814.0	123.0	4195.0	11.0	9.385	11.0	2497.0	10.333	0.0	0.053	95.571	115.0	354.75	249.0	4.429	46.5	23.0	55.714	14.8	74.5	96.333	9.0	21.0	10.0	0.0	58.0	29.0	54.667	5.0	30.0	256.283	37.0	0.0	1124.0	2.0	0.0	1.0	26.667	1.25	137.0	0.0
G[C>T]G	2307.902	0.0	4.55	30.167	660.339	591.667	31.0	367.0	5.5	42.5	4.083	53.8	4452.333	1836.0	161.0	125.0	0.0	0.385	0.0	7623.0	0.333	16.25	9.684	221.143	11.0	139.5	0.0	0.0	21.0	39.0	87.286	21.4	224.0	5.667	1.5	6.0	13.5	24.333	6.0	40.0	105.333	12.5	46.0	0.0	94.0	0.0	753.8	2.0	21.0	10.0	41.0	15.0	13.0	0.0
G[C>T]T	0.0	0.077	350.0	244.667	914.806	231.0	16623.333	2128.0	36.5	2675.5	13.583	131.4	3550.667	3833.0	195.0	3101.0	33.8	18.192	12.0	1429.0	22.667	0.0	0.0	87.857	380.0	207.0	89.333	4.286	23.5	28.0	40.714	8.6	44.5	26.667	8.0	12.0	8.5	0.0	20.5	26.0	56.333	5.0	81.0	285.587	34.0	60.0	786.2	2.0	5.0	2.0	15.333	4.5	259.5	2.5
G[T>A]A	0.0	0.0	148.5	573.833	140.645	0.0	582.667	278.5	184.5	0.0	34.417	39.0	0.0	0.0	24.0	0.0	3.0	0.0	0.0	3.0	0.0	0.0	0.0	6.238	0.0	0.25	19.667	194.286	0.5	50.0	16.429	1.4	29.0	0.0	0.5	2.0	0.5	17.333	0.5	4.0	9.333	1.0	50.0	61.087	13.0	40.0	14.8	0.0	3.0	1.0	8.667	1.5	3.5	72.0
G[T>A]C	0.033	0.038	152.9	219.0	131.855	2.0	274.667	94.5	217.5	0.0	32.333	36.6	0.0	5.0	71.0	5.0	29.2	0.231	9.0	60.0	0.333	43.25	2.684	10.81	0.0	52.25	137.667	44.143	3.5	20.0	14.429	4.6	1.5	0.0	1.5	4.0	0.0	3.667	22.5	3.0	14.333	1.0	40.0	66.37	9.5	4.0	45.6	0.0	0.0	5.0	3.333	0.0	0.0	1.0
G[T>A]G	0.148	0.0	212.8	820.833	170.274	0.0	521.333	439.0	0.0	131.5	42.667	6.8	0.667	0.0	16.0	2.0	38.8	0.0	0.0	8.0	13.333	2.875	0.789	8.619	1.0	14.5	10.333	165.857	2.5	49.0	14.286	0.2	47.0	0.0	4.5	1.0	0.5	10.667	2.5	6.0	7.667	1.5	69.0	85.239	6.5	22.0	28.4	0.0	33.0	0.0	26.667	32.25	1.0	13.5
G[T>A]T	0.066	0.0	292.85	388.5	164.258	0.333	371.667	4.5	2045.0	689.0	75.417	25.0	79.333	7.0	128.0	4.0	7.4	2.885	1.0	19.0	0.0	99.25	30.684	39.0	1.0	44.0	17.333	46.429	0.0	44.0	11.571	21.6	3.0	0.0	1.0	1.0	2.5	7.333	11.0	5.0	41.667	1.5	69.0	122.304	27.0	8.0	42.8	0.0	9.0	27.0	34.333	2.0	0.0	28.5
G[T>C]A	1.803	0.0	257.0	208.833	778.177	6.333	284.0	260.5	0.0	134.0	5.667	122.6	1026.667	3417.0	176.0	24.0	1182.8	0.885	20.0	358.0	2.333	0.0	0.0	1.0	3.0	19.0	2217.0	3.571	3.0	69.0	918.0	80.0	0.5	0.667	2.5	1.0	17.5	0.0	0.0	13.0	1154.333	2.5	74.0	150.37	30.5	0.0	487.8	0.0	4.0	2.0	14.667	1.75	0.0	35.0
G[T>C]C	5.639	0.0	154.5	51.167	432.871	2.333	138.0	0.0	35.5	276.0	5.167	153.6	3000.667	1257.0	122.0	25.0	520.2	0.385	11.0	602.0	0.333	216.875	17.368	16.381	1.0	15.25	719.333	3.429	2.5	17.0	277.857	97.4	17.0	0.0	4.5	1.0	13.5	0.333	5.0	5.0	675.667	4.5	56.0	99.043	17.5	543.0	25.6	0.0	5.0	0.0	11.667	0.25	0.5	8.0
G[T>C]G	1.885	0.0	212.75	138.167	671.177	4.0	132.667	373.5	14.0	319.0	4.25	74.8	0.0	282.5	138.0	6.0	660.0	0.385	15.0	215.0	7.333	39.125	8.895	21.81	2.0	29.5	1226.0	1.714	1.5	54.0	800.571	112.8	9.5	0.0	1.0	2.0	469.5	0.0	0.0	7.0	465.333	2.5	45.0	105.109	10.5	7.0	338.2	0.0	16.0	6.0	23.333	23.25	1.0	6.5
G[T>C]T	0.016	0.0	306.45	41.0	813.565	1.333	1033.667	3389.0	695.5	27134.0	20.667	162.2	3111.0	3082.0	173.0	7.0	867.0	0.0	21.0	145.0	2.667	99.125	25.053	30.762	15.0	5.5	1606.0	2.857	4.5	66.0	583.857	175.6	1.5	0.0	3.5	3.0	18.5	0.0	0.0	7.0	1938.667	9.0	87.0	188.022	20.0	3.0	191.2	2.0	47.0	11.0	19.333	1.0	7.5	79.5
G[T>G]A	0.0	0.231	95.65	30.5	94.113	0.0	126.0	180.5	301.0	0.5	2.417	93.6	53.667	57.0	3.0	0.0	0.2	0.0	0.0	6.0	0.0	1.0	1.053	1.0	0.0	0.0	1.333	5.857	0.0	1.0	10.857	110.8	0.0	0.0	0.0	0.0	0.0	0.0	4.0	1.0	155.333	1.0	43.0	40.37	6.5	1629.0	0.0	0.0	22.0	0.0	2.333	16.75	0.5	25.5
G[T>G]C	0.0	0.269	67.05	10.5	85.532	0.0	210.0	195.5	202.5	0.0	0.667	58.6	262.0	132.5	7.0	0.0	0.0	0.0	4.0	58.0	0.333	0.125	80.579	0.0	2.0	0.25	7.333	0.286	1.0	0.0	16.286	220.0	0.0	0.0	1.5	0.0	0.0	0.0	21.5	3.0	153.667	1.5	56.0	35.087	3.0	1372.0	0.0	0.0	10.0	0.0	0.667	3.25	2.5	0.5
G[T>G]G	0.082	0.0	212.15	178.833	206.694	0.0	827.0	2437.0	1144.0	661.5	10.083	46.0	0.0	91.5	6.0	1.0	0.2	1.269	0.0	37.0	0.333	3.5	14.263	27.714	0.0	0.0	1.0	2.0	0.5	9.0	19.143	137.2	0.0	0.0	4.5	0.0	14.0	0.0	10.0	6.0	86.667	14.0	62.0	79.022	2.0	5486.0	0.0	0.0	722.0	0.0	4.0	68.25	0.5	0.0
G[T>G]T	0.0	0.0	202.05	22.167	169.79	1.333	1630.667	1409.0	1123.5	871.5	5.5	324.4	386.333	391.5	182.0	3.0	0.0	0.0	5.0	277.0	10.0	78.125	1536.737	25.429	0.0	64.0	77.333	0.0	2.0	14.0	116.857	1320.4	6.5	0.0	4.5	0.0	0.5	0.667	22.0	5.0	314.667	11.0	124.0	116.87	20.0	3115.0	48.8	0.0	4.0	2.0	46.667	42.25	13.5	9.0
T[C>A]A	0.0	1.808	237.2	2442.833	342.339	0.333	492.667	1498.5	252.0	934.0	91.583	157.8	15900.0	30.5	584.0	3.0	74.2	1218.692	0.0	132.0	48.667	0.25	0.0	782.19	6.0	5.25	7.333	5.429	42.5	13.0	7.143	846.8	877.0	0.0	3.0	2.0	21.0	1.333	34.5	1339.0	33.0	41.5	54.0	408.935	12.0	145.0	6.0	41.0	1.0	872.0	37.667	12.5	5.0	2.5
T[C>A]C	2.967	0.038	412.9	2633.167	378.274	0.333	826.0	1776.5	1531.5	605.0	78.583	12.4	2005.0	324.0	60.0	19.0	54.2	479.038	44.0	99.0	20.667	0.0	0.0	447.714	4.0	13.75	0.667	8.571	70.0	20.0	2.857	31.4	826.0	0.0	5.0	3.0	10.0	0.667	107.5	715.0	40.0	17.5	86.0	311.457	3.0	0.0	15.4	34.0	0.0	48.0	2.333	0.0	0.0	0.0
T[C>A]G	0.0	0.0	18.4	470.333	63.403	0.0	38.667	179.5	0.0	0.0	2.167	1.0	293.667	57.5	11.0	0.0	1.2	111.423	0.0	7.0	0.333	0.0	0.053	91.476	0.0	0.0	0.0	0.0	4.5	0.0	0.286	10.8	162.5	0.0	0.0	1.0	1.0	0.0	0.0	126.0	28.333	2.5	8.0	38.478	0.0	0.0	0.0	4.0	0.0	13.0	1.0	1.25	0.0	0.0
T[C>A]T	0.0	1.346	375.85	2693.333	658.694	0.667	1248.0	1138.0	659.0	7.0	137.083	273.4	134420.333	7230.5	1676.0	0.0	39.4	748.423	146.0	322.0	43.333	0.5	46.842	1478.714	6.0	10.5	0.0	1.857	32.0	80.0	15.429	38.6	799.0	0.333	9.0	4.0	35.5	0.0	81.0	1971.0	53.667	93.0	77.0	520.891	24.0	0.0	164.6	50.0	4.0	1498.0	27.667	30.5	3.0	5.0
T[C>G]A	0.0	0.0	365.6	335.0	328.129	0.0	0.0	133.5	220.0	359.0	1.667	17.2	0.333	0.0	1.0	0.0	5.2	6364.846	0.0	16.0	2.667	55.125	0.895	12.476	5.0	0.0	1.667	11.857	2.0	30.0	4.429	0.4	0.0	0.0	1.0	0.0	24.5	0.0	20.5	31.0	5.667	5.5	382.0	246.196	93.5	0.0	2.0	2.0	13.0	1.0	2.0	1.25	0.0	0.0
T[C>G]C	0.0	0.0	510.0	471.5	283.339	0.0	58.0	989.5	568.5	30.0	1.75	8.0	0.0	0.0	2.0	4.0	11.6	1297.885	0.0	5.0	10.0	2.125	0.0	33.095	5.0	0.0	1.333	5.286	8.0	9.0	1.571	0.6	82.0	0.333	1.0	0.0	2.0	0.0	19.0	23.0	3.333	4.0	405.0	207.522	40.5	2.0	0.0	1.0	4.0	0.0	3.0	1.5	0.0	5.5
T[C>G]G	0.0	0.0	17.8	118.0	56.452	0.0	3.333	296.0	0.0	97.5	0.0	0.6	0.0	0.0	0.0	0.0	0.0	336.385	0.0	2.0	0.333	0.75	0.0	1.81	0.0	0.0	0.0	0.714	0.5	5.0	0.143	0.0	0.5	0.0	0.0	0.0	0.0	0.0	0.0	2.0	0.0	0.5	99.0	28.717	6.0	20.0	0.0	0.0	0.0	0.0	0.667	0.0	0.0	0.0
T[C>G]T	1.541	8.308	813.8	388.0	704.629	0.0	527.0	501.5	1829.5	0.5	0.0	51.0	1.0	0.0	1.0	5.0	90.4	8171.923	0.0	25.0	234.333	1.375	25.684	33.905	7.0	4.25	3.0	2.0	6.0	54.0	13.714	1.2	0.0	0.0	7.0	0.0	43.5	0.667	102.0	53.0	11.667	12.5	730.0	533.848	194.0	3.0	14.0	2.0	3.0	0.0	35.667	48.0	29.0	14.5
T[C>T]A	1.049	8840.231	168.65	374.667	1063.419	32.667	235948.333	2499.0	1421.5	1.0	14.25	46.2	63.667	225.5	20.0	1118.0	121.0	123.231	4.0	318.0	24.667	4.375	0.316	155.905	147.0	38.75	31.333	7.286	2.5	35.0	23.429	302.8	96.0	174.667	9.5	18.0	30.5	0.667	10.5	95.0	85.333	13.5	36.0	659.478	63.5	1.0	17.6	1.0	0.0	0.0	31.0	6.5	0.0	6.5
T[C>T]C	0.0	1658.115	397.5	531.333	1137.419	29.667	395660.667	99208.0	1356.0	382.5	0.0	84.8	598.667	4698.5	113.0	7186.0	29.6	73.5	0.0	163.0	6.333	0.0	4.684	151.19	68.0	44.25	0.667	4.429	17.5	18.0	18.857	313.6	0.0	227.0	14.0	16.0	4.5	0.0	46.0	41.0	63.0	20.5	49.0	494.609	27.0	0.0	32.2	2.0	8.0	0.0	89.333	34.25	46.0	0.0
T[C>T]G	1073.77	872.231	15.6	8.5	702.581	167.667	89465.0	26940.5	0.0	93.5	0.0	26.4	630.333	43474.0	99.0	0.0	0.0	17.231	7.0	361.0	2.0	0.0	0.0	155.19	6.0	15.0	3.0	0.0	0.5	53.0	20.143	137.4	85.0	17.667	6.0	3.0	7.5	0.0	0.0	24.0	82.333	5.5	40.0	37.109	20.5	0.0	0.0	1.0	10.0	0.0	21.667	1.25	0.0	0.0
T[C>T]T	0.0	4783.269	271.0	662.667	1198.113	22.667	130922.333	49864.0	206.0	3914.5	17.833	79.2	5173.0	12612.5	195.0	5968.0	142.8	13.385	0.0	92.0	129.0	1.0	12.842	48.048	250.0	0.0	0.667	0.0	5.5	38.0	18.571	158.2	53.5	97.333	13.5	21.0	16.5	0.333	35.5	54.0	156.667	21.0	46.0	565.891	63.5	114.0	43.8	2.0	108.0	0.0	125.333	482.5	51.5	63.0
T[T>A]A	73.246	3.5	291.7	726.5	443.887	1.667	567.667	2086.5	2128.0	1755.0	51.167	316.0	318.0	199.0	292.0	3.0	94.2	3.692	0.0	55.0	69.667	0.125	27.684	231.429	1.0	119.5	3.667	336.143	5.0	93.0	26.286	9.2	0.5	0.0	8.5	0.0	9.5	568.667	18.5	16.0	46.333	7.5	77.0	237.0	268.5	6.0	111.6	0.0	9.0	97.0	22.333	46.75	29.0	122.5
T[T>A]C	0.0	0.5	233.3	287.5	190.839	0.0	375.333	867.0	2999.5	42.5	52.0	10.0	51.667	37.5	13.0	2.0	201.4	1.5	2.0	17.0	16.667	63.625	1.0	20.048	2.0	2.0	16.333	115.571	4.5	15.0	10.857	69.4	19.0	0.0	2.0	1.0	0.0	0.0	25.0	3.0	24.333	0.5	36.0	139.565	40.0	3.0	0.0	0.0	0.0	2.0	24.0	0.25	0.5	9.5
T[T>A]G	0.0	0.0	170.7	621.833	196.016	0.0	0.0	794.0	1291.5	402.0	34.167	127.6	101.0	2.0	4.0	2.0	61.0	0.5	0.0	3.0	19.333	13.75	0.0	8.619	0.0	0.25	0.333	288.429	2.5	34.0	3.429	16.4	1.5	0.0	3.0	0.0	0.0	6.0	5.5	3.0	26.667	0.0	56.0	102.457	37.0	0.0	0.0	0.0	21.0	28.0	14.333	1.0	1.0	26.0
T[T>A]T	7.23	0.5	475.0	442.167	519.903	0.333	940.333	0.0	28049.0	2050.0	127.417	190.0	1252.333	144.0	60.0	12.0	129.4	0.0	2.0	23.0	27.0	43.75	30.684	114.0	1.0	49.75	0.333	149.143	0.5	57.0	27.857	512.8	2.5	0.333	5.0	0.0	4.5	143.667	25.0	9.0	69.333	4.0	132.0	387.261	237.5	0.0	101.2	1.0	5.0	6.0	237.0	48.25	30.0	117.5
T[T>C]A	0.082	0.0	367.75	158.833	864.855	3.333	2602.333	2792.5	2995.0	6275.5	3.833	156.8	260.333	1411.0	167.0	1.0	1450.6	0.0	14.0	88.0	55.333	22.25	11.842	8.667	4.0	91.0	1074.0	30.0	0.5	51.0	362.857	167.0	5.5	0.333	1.5	0.0	12.5	0.333	0.0	19.0	1335.333	1.5	41.0	223.935	319.0	0.0	267.6	1.0	5.0	2.0	14.0	3.25	1.0	42.0
T[T>C]C	13.803	0.038	270.3	21.833	509.677	1.667	796.667	874.5	2286.5	1198.5	7.0	214.0	1711.333	9.5	328.0	10.0	793.8	0.0	4.0	290.0	7.0	254.625	14.316	69.143	1.0	116.0	619.0	0.0	2.0	30.0	337.857	248.6	2.0	0.0	7.0	0.0	22.5	7.333	0.5	6.0	1306.667	5.0	76.0	166.5	106.5	1285.0	147.4	1.0	0.0	6.0	160.333	61.5	1.5	29.5
T[T>C]G	0.23	0.038	167.15	111.167	606.097	4.667	401.0	1915.5	1401.0	1925.5	0.0	92.4	160.333	121.5	135.0	1.0	697.4	0.038	8.0	70.0	24.667	25.0	12.737	22.286	3.0	92.25	324.333	4.857	1.5	28.0	286.429	228.8	0.0	0.0	1.0	0.0	807.0	0.333	0.0	8.0	552.0	1.5	36.0	113.609	74.5	0.0	270.2	0.0	10.0	7.0	9.667	3.75	0.0	4.0
T[T>C]T	20.262	0.0	396.6	30.0	993.065	4.333	932.667	1318.5	8724.5	3144.0	11.833	480.6	1671.0	4.0	305.0	1.0	1013.6	2.769	5.0	65.0	25.667	373.875	12.368	29.667	4.0	142.75	586.667	0.0	3.5	62.0	617.571	381.6	0.5	0.0	11.5	0.0	14.5	8.333	1.0	12.0	2825.0	7.0	95.0	249.043	179.0	19.0	430.0	0.0	0.0	2.0	1021.667	97.0	38.0	220.5
T[T>G]A	0.0	0.0	242.5	23.667	279.161	0.0	175.667	550.0	2419.5	4.5	0.0	503.0	570.0	1021.5	155.0	2.0	21.8	1.308	0.0	6.0	52.667	0.0	0.0	2.524	5.0	0.0	3.333	20.0	0.0	6.0	8.143	3207.2	0.0	0.0	0.0	0.0	0.5	0.0	14.5	9.0	369.667	1.0	92.0	157.087	180.5	0.0	0.0	0.0	8.0	78.0	6.667	0.5	5.5	23.5
T[T>G]C	0.0	0.0	119.1	1.5	193.306	0.0	108.0	683.0	1759.5	0.5	0.917	55.2	0.0	396.0	3.0	0.0	5.2	0.0	0.0	13.0	16.0	0.0	79.474	4.048	3.0	0.0	1.0	2.143	1.0	0.0	9.143	1999.4	0.0	0.0	1.0	0.0	0.0	0.0	4.5	3.0	305.667	0.0	41.0	113.043	45.5	11.0	0.0	0.0	6.0	0.0	6.0	0.75	1.0	8.5
T[T>G]G	0.557	0.038	226.55	131.167	281.516	0.0	0.0	1160.5	1406.0	3.5	8.583	102.0	1.333	144.0	9.0	1.0	1.8	0.0	0.0	11.0	9.667	2.875	51.368	5.238	3.0	8.0	0.333	19.0	1.0	24.0	37.714	627.8	0.0	0.333	6.0	0.0	0.5	3.0	14.5	4.0	303.0	4.5	107.0	129.957	61.0	141.0	5.8	0.0	257.0	0.0	68.333	15.0	0.0	2.5
T[T>G]T	0.0	0.0	399.95	29.5	786.081	0.667	239.0	2181.5	6014.5	10.0	1.833	698.2	4178.333	8863.5	376.0	0.0	41.8	0.0	0.0	86.0	94.333	50.75	1783.684	68.571	19.0	7.5	0.0	2.429	5.5	23.0	118.0	37934.8	1.0	13.0	6.0	0.0	4.5	0.0	15.5	9.0	705.0	17.0	143.0	462.848	345.5	16.0	70.2	0.0	117.0	284.0	651.333	84.5	38.5	36.0
